================================================================================
Verification Started At:   Fri Oct 13  09:05:25  2017
Verification Completed At: Fri Oct 13  09:06:20  2017
================================================================================
Verification report                                     Machine S/N:SFD2001052
Grid S/N:    RET640554 Units: MM                        09:06AM on 10\13\17
================================================================================
        Distance  Low Mag: 10.0+L/10000000           Distance  High Mag: 5.0+L/10000000
--------------------------------------------------------------------------------
        Nominal    Atol   Deviation            Nominal    Atol   Deviation      
================================================================================

Zoom position 3 (Low Mag):
 1- 2   +25.0000  +0.0100  -0.0004      1- 3   +50.0000  +0.0100  -0.0006     
 1- 4   +25.0000  +0.0100  -0.0003      1- 5   +35.3553  +0.0100  -0.0004     
 1- 6   +55.9017  +0.0100  -0.0003      1- 7   +50.0000  +0.0100  +0.0001     
 1- 8   +55.9017  +0.0100  -0.0002      1- 9   +70.7107  +0.0100  -0.0002     
 2- 3   +25.0000  +0.0100  -0.0002      2- 4   +35.3553  +0.0100  -0.0003     
 2- 5   +25.0000  +0.0100  -0.0006      2- 6   +35.3553  +0.0100  -0.0001     
 2- 7   +55.9017  +0.0100  -0.0000      2- 8   +50.0000  +0.0100  -0.0001     
 2- 9   +55.9017  +0.0100  +0.0000      3- 4   +55.9017  +0.0100  -0.0004     
 3- 5   +35.3553  +0.0100  -0.0007      3- 6   +25.0000  +0.0100  -0.0002     
 3- 7   +70.7107  +0.0100  -0.0001      3- 8   +55.9017  +0.0100  -0.0001     
 3- 9   +50.0000  +0.0100  +0.0001      4- 5   +25.0000  +0.0100  +0.0002     
 4- 6   +50.0000  +0.0100  -0.0000      4- 7   +25.0000  +0.0100  +0.0003     
 4- 8   +35.3553  +0.0100  +0.0001      4- 9   +55.9017  +0.0100  +0.0001     
 5- 6   +25.0000  +0.0100  -0.0002      5- 7   +35.3553  +0.0100  +0.0006     
 5- 8   +25.0000  +0.0100  +0.0005      5- 9   +35.3553  +0.0100  +0.0002     
 6- 7   +55.9017  +0.0100  +0.0002      6- 8   +35.3553  +0.0100  +0.0002     
 6- 9   +25.0000  +0.0100  +0.0003      7- 8   +25.0000  +0.0100  -0.0000     
 7- 9   +50.0000  +0.0100  -0.0000      8- 9   +25.0000  +0.0100  +0.0000     

Zoom position 6 (High Mag):
 1- 2   +11.0000  +0.0050  -0.0002      1- 3   +22.0000  +0.0050  -0.0002     
 1- 4    +8.0000  +0.0050  +0.0000      1- 5   +13.6015  +0.0050  +0.0001     
 1- 6   +23.4094  +0.0050  -0.0000      1- 7   +16.0000  +0.0050  -0.0005     
 1- 8   +19.4165  +0.0050  -0.0001      1- 9   +27.2029  +0.0050  -0.0000     
 2- 3   +11.0000  +0.0050  +0.0001      2- 4   +13.6015  +0.0050  -0.0004     
 2- 5    +8.0000  +0.0050  -0.0002      2- 6   +13.6015  +0.0050  +0.0001     
 2- 7   +19.4165  +0.0050  -0.0006      2- 8   +16.0000  +0.0050  -0.0002     
 2- 9   +19.4165  +0.0050  -0.0000      3- 4   +23.4094  +0.0050  -0.0003     
 3- 5   +13.6015  +0.0050  -0.0004      3- 6    +8.0000  +0.0050  +0.0001     
 3- 7   +27.2029  +0.0050  -0.0004      3- 8   +19.4165  +0.0050  -0.0002     
 3- 9   +16.0000  +0.0050  -0.0001      4- 5   +11.0000  +0.0050  +0.0000     
 4- 6   +22.0000  +0.0050  -0.0002      4- 7    +8.0000  +0.0050  -0.0005     
 4- 8   +13.6015  +0.0050  -0.0003      4- 9   +23.4094  +0.0050  -0.0002     
 5- 6   +11.0000  +0.0050  -0.0003      5- 7   +13.6015  +0.0050  +0.0000     
 5- 8    +8.0000  +0.0050  +0.0000      5- 9   +13.6015  +0.0050  -0.0001     
 6- 7   +23.4094  +0.0050  -0.0002      6- 8   +13.6015  +0.0050  -0.0001     
 6- 9    +8.0000  +0.0050  -0.0002      7- 8   +11.0000  +0.0050  +0.0001     
 7- 9   +22.0000  +0.0050  +0.0001      8- 9   +11.0000  +0.0050  +0.0001     
