================================================================================
================================================================================
Verification Started At:   Fri Oct 13  09:05:25  2017
Verification Completed At: Fri Oct 13  09:06:20  2017
================================================================================
Verification report                                     Machine S/N:SFD2001052
Grid S/N:    RET640554  Units: MM                       09:06AM on 10\13\17
================================================================================
        X Location (0.00600-0.00400)         Y Location (0.00600-0.00400)     
--------------------------------------------------------------------------------
      Nominal     Actual    Deviation         Nominal     Actual    Deviation 
================================================================================

Zoom position 1:
 NW -25.00000  -24.99772    +0.00228        +25.00000  +24.99926    -0.00074   
  N  +0.00000   +0.00056    +0.00056        +25.00000  +24.99883    -0.00117   
 NE +25.00000  +24.99955    -0.00045        +25.00000  +24.99880    -0.00120   
  W -25.00000  -24.99853    +0.00147         +0.00000   +0.00001    +0.00001   
 C1  +0.00000   +0.00000    +0.00000         +0.00000   +0.00000    +0.00000   
  E +25.00000  +24.99973    -0.00027         +0.00000   +0.00038    +0.00038   
 SW -25.00000  -24.99777    +0.00223        -25.00000  -25.00096    -0.00096   
  S  +0.00000   +0.00100    +0.00100        -25.00000  -24.99970    +0.00030   
 SE +25.00000  +24.99770    -0.00230        -25.00000  -24.99925    +0.00075   

Zoom position 2:
 NW -25.00000  -24.99885    +0.00115        +25.00000  +24.99923    -0.00077   
  N  +0.00000   -0.00024    -0.00024        +25.00000  +25.00003    +0.00003   
 NE +25.00000  +24.99927    -0.00073        +25.00000  +25.00016    +0.00016   
  W -25.00000  -24.99933    +0.00067         +0.00000   +0.00097    +0.00097   
 C1  +0.00000   +0.00000    +0.00000         +0.00000   +0.00000    +0.00000   
  E +25.00000  +24.99905    -0.00095         +0.00000   +0.00135    +0.00135   
 SW -25.00000  -24.99898    +0.00102        -25.00000  -24.99992    +0.00008   
  S  +0.00000   -0.00015    -0.00015        -25.00000  -24.99780    +0.00220   
 SE +25.00000  +24.99889    -0.00111        -25.00000  -24.99932    +0.00068   

Zoom position 3:
 NW -25.00000  -24.99990    +0.00010        +25.00000  +24.99951    -0.00049   
  N  +0.00000   -0.00028    -0.00028        +25.00000  +24.99940    -0.00060   
 NE +25.00000  +24.99949    -0.00051        +25.00000  +24.99946    -0.00054   
  W -25.00000  -25.00017    -0.00017         +0.00000   -0.00022    -0.00022   
 C1  +0.00000   +0.00000    +0.00000         +0.00000   +0.00000    +0.00000   
  E +25.00000  +24.99980    -0.00020         +0.00000   -0.00032    -0.00032   
 SW -25.00000  -25.00029    -0.00029        -25.00000  -25.00056    -0.00056   
  S  +0.00000   -0.00032    -0.00032        -25.00000  -25.00050    -0.00050   
 SE +25.00000  +24.99969    -0.00031        -25.00000  -25.00065    -0.00065   

Zoom position 4:
 NW -11.00000  -11.00062    -0.00062         +8.00000   +8.00080    +0.00080   
  N  +0.00000   -0.00021    -0.00021         +8.00000   +8.00023    +0.00023   
 NE +11.00000  +11.00069    +0.00069         +8.00000   +7.99997    -0.00003   
  W -11.00000  -11.00069    -0.00069         +0.00000   -0.00039    -0.00039   
 C1  +0.00000   +0.00000    +0.00000         +0.00000   +0.00000    +0.00000   
  E +11.00000  +11.00057    +0.00057         +0.00000   -0.00010    -0.00010   
 SW -11.00000  -11.00076    -0.00076         -8.00000   -8.00029    -0.00029   
  S  +0.00000   -0.00001    -0.00001         -8.00000   -8.00066    -0.00066   
 SE +11.00000  +11.00042    +0.00042         -8.00000   -8.00110    -0.00110   

Zoom position 5:
 NW -11.00000  -11.00042    -0.00042         +8.00000   +8.00072    +0.00072   
  N  +0.00000   -0.00007    -0.00007         +8.00000   +8.00033    +0.00033   
 NE +11.00000  +11.00056    +0.00056         +8.00000   +7.99996    -0.00004   
  W -11.00000  -11.00025    -0.00025         +0.00000   -0.00025    -0.00025   
 C1  +0.00000   +0.00000    +0.00000         +0.00000   +0.00000    +0.00000   
  E +11.00000  +11.00030    +0.00030         +0.00000   -0.00022    -0.00022   
 SW -11.00000  -11.00037    -0.00037         -8.00000   -8.00022    -0.00022   
  S  +0.00000   -0.00004    -0.00004         -8.00000   -8.00043    -0.00043   
 SE +11.00000  +11.00003    +0.00003         -8.00000   -8.00053    -0.00053   

Zoom position 6:
 NW -11.00000  -11.00021    -0.00021         +8.00000   +7.99984    -0.00016   
  N  +0.00000   -0.00043    -0.00043         +8.00000   +7.99975    -0.00025   
 NE +11.00000  +10.99963    -0.00037         +8.00000   +7.99984    -0.00016   
  W -11.00000  -11.00003    -0.00003         +0.00000   -0.00020    -0.00020   
 C1  +0.00000   +0.00000    +0.00000         +0.00000   +0.00000    +0.00000   
  E +11.00000  +10.99973    -0.00027         +0.00000   -0.00022    -0.00022   
 SW -11.00000  -11.00028    -0.00028         -8.00000   -7.99967    +0.00033   
  S  +0.00000   -0.00023    -0.00023         -8.00000   -8.00003    -0.00003   
 SE +11.00000  +10.99984    -0.00016         -8.00000   -8.00006    -0.00006   
