================================================================================
Calibration Started At:   Fri Oct 13  09:12:06  2017
Calibration Completed At: Fri Oct 13  09:12:40  2017
================================================================================
Calibration report                                      Machine S/N:SFD2001052
Grid S/N: 0003  Units: MM                                    09:12AM on 10\13\17
================================================================================
              X Location (0.00610)               Y Location (0.00610)     
--------------------------------------------------------------------------------
     Nominal     Actual    Deviation         Nominal     Actual    Deviation    
================================================================================
 1   -23.99995   -23.99795 +0.00200      +17.99996   +17.99293 -0.00703 *
 2   -11.99998   -11.99900 +0.00097      +17.99996   +17.99408 -0.00588  
 3    +0.00000    +0.00019 +0.00019      +17.99996   +17.99473 -0.00524  
 4   +11.99998   +12.00030 +0.00033      +17.99996   +17.99327 -0.00670 *
 5   +23.99995   +24.00026 +0.00031      +17.99996   +17.99235 -0.00762 *
 6   +23.99995   +23.99866 -0.00130       +8.99998    +8.99647 -0.00351  
 7   +11.99998   +11.99942 -0.00056       +8.99998    +8.99688 -0.00311  
 8    +0.00000    +0.00020 +0.00020       +8.99998    +8.99667 -0.00331  
 9   -11.99998   -11.99903 +0.00095       +8.99998    +8.99728 -0.00270  
10   -23.99995   -23.99762 +0.00233       +8.99998    +8.99672 -0.00327  
11   -23.99995   -23.99691 +0.00305       +0.00000    -0.00125 -0.00125  
12   -11.99998   -11.99916 +0.00082       +0.00000    -0.00058 -0.00058  
13    +0.00000    +0.00019 +0.00019       +0.00000    -0.00048 -0.00048  
14   +11.99998   +11.99911 -0.00087       -0.00000    -0.00002 -0.00002  
15   +23.99995   +23.99785 -0.00210       -0.00000    -0.00096 -0.00096  
16   +23.99995   +23.99701 -0.00295       -8.99998    -8.99823 +0.00176  
17   +11.99998   +11.99831 -0.00167       -8.99998    -8.99763 +0.00235  
18    +0.00000    -0.00057 -0.00057       -8.99998    -8.99719 +0.00279  
19   -11.99998   -11.99964 +0.00033       -8.99998    -8.99812 +0.00186  
20   -23.99995   -23.99607 +0.00388       -8.99998    -8.99777 +0.00221  
21   -23.99995   -23.99821 +0.00174      -17.99996   -17.99402 +0.00594  
22   -11.99998   -11.99877 +0.00121      -17.99996   -17.99297 +0.00699 *
23    +0.00000    -0.00074 -0.00074      -17.99996   -17.99441 +0.00556  
24   +11.99998   +11.99798 -0.00200      -17.99996   -17.99448 +0.00549  
25   +23.99995   +23.99605 -0.00390      -17.99996   -17.99478 +0.00518  
