================================================================================
Verification Started At:   Mon Dec 12  16:48:33  2016
Verification Completed At: Mon Dec 12  16:48:52  2016
================================================================================
Verification report                                     Machine S/N:SFD2001052
Grid S/N: 0003  Units: MM                                    04:48PM on 12\12\16
================================================================================
              X Location (0.00610)               Y Location (0.00508)     
--------------------------------------------------------------------------------
     Nominal     Actual    Deviation         Nominal     Actual    Deviation    
================================================================================
 1   -23.99995   -23.99726 +0.00269      +17.99996   +17.99837 -0.00160  
 2   -11.99998   -11.99745 +0.00253      +17.99996   +17.99945 -0.00051  
 3    +0.00000    +0.00202 +0.00202      +17.99996   +17.99948 -0.00048  
 4   +11.99998   +12.00337 +0.00339      +17.99996   +17.99881 -0.00116  
 5   +23.99995   +24.00735 +0.00740 *    +17.99996   +17.99839 -0.00157  
 6   +23.99995   +24.00361 +0.00366       +8.99998    +8.99772 -0.00227  
 7   +11.99998   +12.00337 +0.00339       +8.99998    +8.99878 -0.00120  
 8    +0.00000    +0.00307 +0.00307       +8.99998    +8.99942 -0.00056  
 9   -11.99998   -11.99748 +0.00250       +8.99998    +8.99906 -0.00093  
10   -23.99995   -23.99738 +0.00257       +8.99998    +8.99834 -0.00164  
11   -23.99995   -23.99723 +0.00272       +0.00000    -0.00115 -0.00115  
12   -11.99998   -11.99853 +0.00144       +0.00000    -0.00139 -0.00139  
13    +0.00000    +0.00000 +0.00000       +0.00000    +0.00000 +0.00000  
14   +11.99998   +12.00183 +0.00185       -0.00000    -0.00089 -0.00089  
15   +23.99995   +24.00183 +0.00187       -0.00000    -0.00114 -0.00114  
16   +23.99995   +24.00089 +0.00093       -8.99998    -9.00175 -0.00176  
17   +11.99998   +12.00200 +0.00202       -8.99998    -9.00219 -0.00221  
18    +0.00000    +0.00198 +0.00198       -8.99998    -9.00172 -0.00173  
19   -11.99998   -11.99899 +0.00099       -8.99998    -9.00112 -0.00113  
20   -23.99995   -23.99672 +0.00323       -8.99998    -9.00147 -0.00149  
21   -23.99995   -23.99692 +0.00303      -17.99996   -18.00143 -0.00147  
22   -11.99998   -11.99469 +0.00528      -17.99996   -18.00030 -0.00034  
23    +0.00000    +0.00440 +0.00440      -17.99996   -18.00191 -0.00194  
24   +11.99998   +12.00402 +0.00404      -17.99996   -18.00185 -0.00189  
25   +23.99995   +24.00316 +0.00321      -17.99996   -18.00123 -0.00127  
================================================================================
Verification Started At:   Fri Dec 16  09:56:40  2016
Verification Completed At: Fri Dec 16  09:56:57  2016
================================================================================
Verification report                                     Machine S/N:SFD2001052
Grid S/N: 0003  Units: MM                                    09:56AM on 12\16\16
================================================================================
              X Location (0.00610)               Y Location (0.00508)     
--------------------------------------------------------------------------------
     Nominal     Actual    Deviation         Nominal     Actual    Deviation    
================================================================================
 1   -23.99995   -23.99914 +0.00081      +17.99996   +17.99827 -0.00169  
 2   -11.99998   -11.99881 +0.00116      +17.99996   +17.99919 -0.00077  
 3    +0.00000    +0.00110 +0.00110      +17.99996   +17.99957 -0.00040  
 4   +11.99998   +12.00137 +0.00139      +17.99996   +17.99920 -0.00077  
 5   +23.99995   +24.00232 +0.00237      +17.99996   +17.99843 -0.00153  
 6   +23.99995   +24.00018 +0.00023       +8.99998    +8.99911 -0.00087  
 7   +11.99998   +12.00074 +0.00077       +8.99998    +9.00041 +0.00043  
 8    +0.00000    +0.00104 +0.00104       +8.99998    +9.00018 +0.00020  
 9   -11.99998   -11.99968 +0.00029       +8.99998    +8.99909 -0.00089  
10   -23.99995   -23.99866 +0.00129       +8.99998    +8.99802 -0.00196  
11   -23.99995   -23.99818 +0.00177       +0.00000    -0.00111 -0.00111  
12   -11.99998   -12.00042 -0.00045       +0.00000    +0.00014 +0.00014  
13    +0.00000    +0.00000 +0.00000       +0.00000    +0.00000 +0.00000  
14   +11.99998   +11.99983 -0.00014       -0.00000    -0.00051 -0.00051  
15   +23.99995   +23.99956 -0.00039       -0.00000    -0.00145 -0.00145  
16   +23.99995   +23.99753 -0.00242       -8.99998    -9.00069 -0.00071  
17   +11.99998   +11.99833 -0.00164       -8.99998    -9.02614 -0.02616 *
18    +0.00000    -0.00125 -0.00125       -8.99998    -9.00105 -0.00106  
19   -11.99998   -12.00184 -0.00187       -8.99998    -9.00032 -0.00034  
20   -23.99995   -23.99813 +0.00182       -8.99998    -9.00186 -0.00188  
21   -23.99995   -23.99804 +0.00191      -17.99996   -18.00173 -0.00177  
22   -11.99998   -11.99842 +0.00156      -17.99996   -18.00393 -0.00397  
23    +0.00000    -0.00127 -0.00127      -17.99996   -18.00115 -0.00118  
24   +11.99998   +11.99680 -0.00317      -17.99996   -17.99811 +0.00185  
25   +23.99995   +23.99639 -0.00357      -17.99996   -18.00139 -0.00143  
================================================================================
Verification Started At:   Wed Jan 25  09:52:27  2017
Verification Completed At: Wed Jan 25  09:52:46  2017
================================================================================
Verification report                                     Machine S/N:SFD2001052
Grid S/N: 0003  Units: IN                                    09:52AM on 01\25\17
================================================================================
              X Location (0.00024)               Y Location (0.00020)     
--------------------------------------------------------------------------------
     Nominal     Actual    Deviation         Nominal     Actual    Deviation    
================================================================================
 1    -0.94488    -0.94480 +0.00008       +0.70866    +0.70860 -0.00006  
 2    -0.47244    -0.47240 +0.00004       +0.70866    +0.70865 -0.00001  
 3    +0.00000    +0.00003 +0.00003       +0.70866    +0.70863 -0.00003  
 4    +0.47244    +0.47250 +0.00006       +0.70866    +0.70861 -0.00005  
 5    +0.94488    +0.94495 +0.00007       +0.70866    +0.70857 -0.00009  
 6    +0.94488    +0.94491 +0.00003       +0.35433    +0.35423 -0.00010  
 7    +0.47244    +0.47247 +0.00003       +0.35433    +0.35429 -0.00004  
 8    +0.00000    +0.00005 +0.00005       +0.35433    +0.35433 -0.00000  
 9    -0.47244    -0.47242 +0.00002       +0.35433    +0.35431 -0.00002  
10    -0.94488    -0.94482 +0.00006       +0.35433    +0.35428 -0.00005  
11    -0.94488    -0.94479 +0.00009       +0.00000    -0.00006 -0.00006  
12    -0.47244    -0.47244 +0.00000       +0.00000    -0.00005 -0.00005  
13    +0.00000    +0.00000 +0.00000       +0.00000    +0.00000 +0.00000  
14    +0.47244    +0.47244 -0.00000       -0.00000    -0.00003 -0.00003  
15    +0.94488    +0.94484 -0.00004       -0.00000    -0.00006 -0.00006  
16    +0.94488    +0.94481 -0.00007       -0.35433    -0.35440 -0.00007  
17    +0.47244    +0.47239 -0.00005       -0.35433    -0.35443 -0.00010  
18    +0.00000    -0.00000 -0.00000       -0.35433    -0.35439 -0.00006  
19    -0.47244    -0.47248 -0.00004       -0.35433    -0.35440 -0.00007  
20    -0.94488    -0.94481 +0.00007       -0.35433    -0.35439 -0.00006  
21    -0.94488    -0.94480 +0.00008       -0.70866    -0.70873 -0.00007  
22    -0.47244    -0.47245 -0.00001       -0.70866    -0.70868 -0.00002  
23    +0.00000    -0.00004 -0.00004       -0.70866    -0.70871 -0.00005  
24    +0.47244    +0.47236 -0.00008       -0.70866    -0.70871 -0.00005  
25    +0.94488    +0.94475 -0.00013       -0.70866    -0.70873 -0.00007  
================================================================================
Verification Started At:   Wed Jan 25  10:01:25  2017
Verification Completed At: Wed Jan 25  10:01:43  2017
================================================================================
Verification report                                     Machine S/N:SFD2001052
Grid S/N: 0003  Units: MM                                    10:01AM on 01\25\17
================================================================================
              X Location (0.00610)               Y Location (0.00508)     
--------------------------------------------------------------------------------
     Nominal     Actual    Deviation         Nominal     Actual    Deviation    
================================================================================
 1   -23.99995   -23.99715 +0.00280      +17.99996   +17.99888 -0.00108  
 2   -11.99998   -11.99821 +0.00176      +17.99996   +17.99968 -0.00029  
 3    +0.00000    +0.00116 +0.00116      +17.99996   +17.99930 -0.00066  
 4   +11.99998   +12.00206 +0.00208      +17.99996   +17.99924 -0.00072  
 5   +23.99995   +24.00303 +0.00308      +17.99996   +17.99784 -0.00213  
 6   +23.99995   +24.00115 +0.00120       +8.99998    +8.99804 -0.00194  
 7   +11.99998   +12.00143 +0.00145       +8.99998    +8.99967 -0.00031  
 8    +0.00000    +0.00108 +0.00108       +8.99998    +9.00018 +0.00020  
 9   -11.99998   -11.99909 +0.00088       +8.99998    +9.00045 +0.00047  
10   -23.99995   -23.99801 +0.00194       +8.99998    +8.99918 -0.00080  
11   -23.99995   -23.99775 +0.00220       +0.00000    -0.00102 -0.00102  
12   -11.99998   -11.99965 +0.00033       +0.00000    -0.00026 -0.00026  
13    +0.00000    +0.00000 +0.00000       +0.00000    +0.00000 +0.00000  
14   +11.99998   +12.00029 +0.00031       -0.00000    -0.00101 -0.00101  
15   +23.99995   +23.99984 -0.00011       -0.00000    -0.00106 -0.00106  
16   +23.99995   +23.99798 -0.00197       -8.99998    -9.00229 -0.00231  
17   +11.99998   +12.01063 +0.01065 *     -8.99998    -9.02903 -0.02905 *
18    +0.00000    -0.00157 -0.00157       -8.99998    -9.00014 -0.00016  
19   -11.99998   -12.00059 -0.00061       -8.99998    -8.99822 +0.00176  
20   -23.99995   -23.99742 +0.00253       -8.99998    -9.00104 -0.00106  
21   -23.99995   -23.99707 +0.00288      -17.99996   -18.00047 -0.00051  
22   -11.99998   -12.00005 -0.00007      -17.99996   -17.99979 +0.00017  
23    +0.00000    -0.00082 -0.00082      -17.99996   -18.00102 -0.00106  
24   +11.99998   +11.99702 -0.00296      -17.99996   -18.00076 -0.00080  
25   +23.99995   +23.99680 -0.00315      -17.99996   -18.00223 -0.00227  
================================================================================
Verification Started At:   Wed Jan 25  10:02:51  2017
Verification Completed At: Wed Jan 25  10:03:11  2017
================================================================================
Verification report                                     Machine S/N:SFD2001052
Grid S/N: 0003  Units: MM                                    10:03AM on 01\25\17
================================================================================
              X Location (0.00610)               Y Location (0.00508)     
--------------------------------------------------------------------------------
     Nominal     Actual    Deviation         Nominal     Actual    Deviation    
================================================================================
 1   -23.99995   -23.99789 +0.00206      +17.99996   +17.99893 -0.00104  
 2   -11.99998   -11.99869 +0.00129      +17.99996   +18.00005 +0.00008  
 3    +0.00000    +0.00090 +0.00090      +17.99996   +17.99927 -0.00069  
 4   +11.99998   +12.00177 +0.00180      +17.99996   +17.99929 -0.00068  
 5   +23.99995   +24.00210 +0.00215      +17.99996   +17.99807 -0.00189  
 6   +23.99995   +24.00106 +0.00111       +8.99998    +8.99762 -0.00236  
 7   +11.99998   +12.00138 +0.00140       +8.99998    +8.99917 -0.00081  
 8    +0.00000    +0.00116 +0.00116       +8.99998    +8.99998 -0.00000  
 9   -11.99998   -11.99934 +0.00064       +8.99998    +8.99963 -0.00035  
10   -23.99995   -23.99771 +0.00224       +8.99998    +8.99901 -0.00098  
11   -23.99995   -23.99777 +0.00218       +0.00000    -0.00106 -0.00106  
12   -11.99998   -12.00000 -0.00003       +0.00000    +0.00010 +0.00010  
13    +0.00000    +0.00000 +0.00000       +0.00000    +0.00000 +0.00000  
14   +11.99998   +12.00026 +0.00029       -0.00000    -0.00109 -0.00109  
15   +23.99995   +23.99932 -0.00064       -0.00000    -0.00124 -0.00124  
16   +23.99995   +23.99741 -0.00254       -8.99998    -9.00228 -0.00230  
17   +11.99998   +12.01001 +0.01003 *     -8.99998    -9.02899 -0.02901 *
18    +0.00000    -0.00180 -0.00180       -8.99998    -9.00039 -0.00041  
19   -11.99998   -12.00123 -0.00126       -8.99998    -8.99789 +0.00209  
20   -23.99995   -23.99787 +0.00208       -8.99998    -9.00103 -0.00105  
21   -23.99995   -23.99790 +0.00205      -17.99996   -18.00091 -0.00095  
22   -11.99998   -12.00044 -0.00047      -17.99996   -18.00002 -0.00006  
23    +0.00000    -0.00152 -0.00152      -17.99996   -18.00106 -0.00109  
24   +11.99998   +11.99666 -0.00331      -17.99996   -18.00111 -0.00115  
25   +23.99995   +23.99645 -0.00351      -17.99996   -18.00261 -0.00265  
================================================================================
Verification Started At:   Wed Jan 25  10:06:23  2017
Verification Completed At: Wed Jan 25  10:06:42  2017
================================================================================
Verification report                                     Machine S/N:SFD2001052
Grid S/N: 0003  Units: MM                                    10:06AM on 01\25\17
================================================================================
              X Location (0.00610)               Y Location (0.00508)     
--------------------------------------------------------------------------------
     Nominal     Actual    Deviation         Nominal     Actual    Deviation    
================================================================================
 1   -23.99995   -23.99816 +0.00179      +17.99996   +17.99894 -0.00102  
 2   -11.99998   -11.99869 +0.00129      +17.99996   +18.00003 +0.00006  
 3    +0.00000    +0.00091 +0.00091      +17.99996   +18.00012 +0.00016  
 4   +11.99998   +12.00143 +0.00146      +17.99996   +17.99902 -0.00095  
 5   +23.99995   +24.00246 +0.00250      +17.99996   +17.99653 -0.00344  
 6   +23.99995   +24.00160 +0.00164       +8.99998    +8.99800 -0.00198  
 7   +11.99998   +12.00103 +0.00106       +8.99998    +8.99901 -0.00097  
 8    +0.00000    +0.00093 +0.00093       +8.99998    +9.00004 +0.00005  
 9   -11.99998   -11.99984 +0.00013       +8.99998    +8.99927 -0.00071  
10   -23.99995   -23.99779 +0.00216       +8.99998    +8.99886 -0.00113  
11   -23.99995   -23.99775 +0.00221       +0.00000    -0.00135 -0.00135  
12   -11.99998   -12.00051 -0.00054       +0.00000    -0.00108 -0.00108  
13    +0.00000    +0.00000 +0.00000       +0.00000    +0.00000 +0.00000  
14   +11.99998   +12.00032 +0.00034       -0.00000    +0.00008 +0.00008  
15   +23.99995   +24.00137 +0.00142       -0.00000    -0.00138 -0.00138  
16   +23.99995   +24.00079 +0.00083       -8.99998    -9.00127 -0.00129  
17   +11.99998   +11.99905 -0.00092       -8.99998    -9.00056 -0.00058  
18    +0.00000    -0.00108 -0.00108       -8.99998    -9.00075 -0.00077  
19   -11.99998   -12.00113 -0.00115       -8.99998    -9.00072 -0.00074  
20   -23.99995   -23.99833 +0.00162       -8.99998    -9.00123 -0.00124  
21   -23.99995   -23.99806 +0.00190      -17.99996   -18.00121 -0.00124  
22   -11.99998   -12.00003 -0.00005      -17.99996   -18.00007 -0.00011  
23    +0.00000    -0.00131 -0.00131      -17.99996   -18.00022 -0.00026  
24   +11.99998   +11.99845 -0.00152      -17.99996   -18.00157 -0.00161  
25   +23.99995   +24.00073 +0.00077      -17.99996   -18.00297 -0.00300  
