================================================================================
Verification Started At:   Mon Dec 12  16:48:33  2016
Verification Completed At: Mon Dec 12  16:48:52  2016
================================================================================
Verification report                                     Machine S/N:SFD2001052
Grid S/N: 0003  Units: MM              4.0+L/100             04:48PM on 12\12\16
================================================================================
                     Distance                               Distance  
--------------------------------------------------------------------------------
        Nominal    Atol   Deviation            Nominal    Atol   Deviation      
================================================================================
 1- 2   +12.0000  +0.0041  -0.0002      1- 3   +24.0000  +0.0042  -0.0007     
 1- 4   +35.9999  +0.0044  +0.0007      1- 5   +47.9999  +0.0045  +0.0047  *  
 1- 6   +48.8364  +0.0045  +0.0011      1- 7   +37.1079  +0.0044  +0.0006     
 1- 8   +25.6320  +0.0043  -0.0000      1- 9   +15.0000  +0.0041  -0.0006     
 1-10    +9.0000  +0.0041  +0.0000      1-11   +18.0000  +0.0042  -0.0005     
 1-12   +21.6333  +0.0042  -0.0009      1-13   +29.9999  +0.0043  -0.0031     
 1-14   +40.2491  +0.0044  -0.0011      1-15   +51.2639  +0.0045  -0.0009     
 1-16   +55.0726  +0.0046  -0.0015      1-17   +44.9999  +0.0044  -0.0002     
 1-18   +36.1247  +0.0044  -0.0004      1-19   +29.5465  +0.0043  -0.0011     
 1-20   +26.9999  +0.0043  -0.0001      1-21   +35.9999  +0.0044  -0.0001     
 1-22   +37.9473  +0.0044  -0.0004      1-23   +43.2665  +0.0044  +0.0012     
 1-24   +50.9116  +0.0045  +0.0012      1-25   +59.9999  +0.0046  +0.0002     
 2- 3   +12.0000  +0.0041  -0.0005      2- 4   +24.0000  +0.0042  +0.0009     
 2- 5   +35.9999  +0.0044  +0.0049  *   2- 6   +37.1079  +0.0044  +0.0015     
 2- 7   +25.6320  +0.0043  +0.0011      2- 8   +15.0000  +0.0041  +0.0005     
 2- 9    +9.0000  +0.0041  +0.0004      2-10   +15.0000  +0.0041  +0.0006     
 2-11   +21.6333  +0.0042  +0.0004      2-12   +18.0000  +0.0042  +0.0009     
 2-13   +21.6333  +0.0042  -0.0018      2-14   +29.9999  +0.0043  -0.0003     
 2-15   +40.2491  +0.0044  -0.0003      2-16   +44.9999  +0.0044  -0.0005     
 2-17   +36.1247  +0.0044  +0.0009      2-18   +29.5465  +0.0043  +0.0009     
 2-19   +26.9999  +0.0043  +0.0006      2-20   +29.5465  +0.0043  +0.0006     
 2-21   +37.9473  +0.0044  +0.0007      2-22   +35.9999  +0.0044  -0.0002     
 2-23   +37.9473  +0.0044  +0.0019      2-24   +43.2665  +0.0044  +0.0020     
 2-25   +50.9116  +0.0045  +0.0010      3- 4   +12.0000  +0.0041  +0.0014     
 3- 5   +24.0000  +0.0042  +0.0054  *   3- 6   +25.6320  +0.0043  +0.0022     
 3- 7   +15.0000  +0.0041  +0.0015      3- 8    +9.0000  +0.0041  +0.0001     
 3- 9   +15.0000  +0.0041  -0.0001      3-10   +25.6320  +0.0043  -0.0001     
 3-11   +29.9999  +0.0043  -0.0002      3-12   +21.6333  +0.0042  +0.0011     
 3-13   +18.0000  +0.0042  -0.0005      3-14   +21.6333  +0.0042  +0.0002     
 3-15   +29.9999  +0.0043  +0.0003      3-16   +36.1247  +0.0044  +0.0002     
 3-17   +29.5465  +0.0043  +0.0016      3-18   +26.9999  +0.0043  +0.0013     
 3-19   +29.5465  +0.0043  +0.0010      3-20   +36.1247  +0.0044  -0.0000     
 3-21   +43.2665  +0.0044  +0.0003      3-22   +37.9473  +0.0044  -0.0012     
 3-23   +35.9999  +0.0044  +0.0015      3-24   +37.9473  +0.0044  +0.0020     
 3-25   +43.2665  +0.0044  +0.0013      4- 5   +12.0000  +0.0041  +0.0040     
 4- 6   +15.0000  +0.0041  +0.0009      4- 7    +9.0000  +0.0041  +0.0000     
 4- 8   +15.0000  +0.0041  -0.0001      4- 9   +25.6320  +0.0043  +0.0008     
 4-10   +37.1079  +0.0044  +0.0009      4-11   +40.2491  +0.0044  +0.0006     
 4-12   +29.9999  +0.0043  +0.0017      4-13   +21.6333  +0.0042  +0.0009     
 4-14   +18.0000  +0.0042  -0.0003      4-15   +21.6333  +0.0042  -0.0009     
 4-16   +29.5465  +0.0043  -0.0004      4-17   +26.9999  +0.0043  +0.0011     
 4-18   +29.5465  +0.0043  +0.0011      4-19   +36.1247  +0.0044  +0.0016     
 4-20   +44.9999  +0.0044  +0.0003      4-21   +50.9116  +0.0045  +0.0005     
 4-22   +43.2665  +0.0044  -0.0017      4-23   +37.9473  +0.0044  +0.0004     
 4-24   +35.9999  +0.0044  +0.0007      4-25   +37.9473  +0.0044  +0.0000     
 5- 6    +9.0000  +0.0041  +0.0007      5- 7   +15.0000  +0.0041  +0.0030     
 5- 8   +25.6320  +0.0043  +0.0037      5- 9   +37.1079  +0.0044  +0.0046  *  
 5-10   +48.8364  +0.0045  +0.0048  *   5-11   +51.2639  +0.0045  +0.0042     
 5-12   +40.2491  +0.0044  +0.0052  *   5-13   +29.9999  +0.0043  +0.0050  *  
 5-14   +21.6333  +0.0042  +0.0025      5-15   +18.0000  +0.0042  -0.0004     
 5-16   +26.9999  +0.0043  +0.0002      5-17   +29.5465  +0.0043  +0.0028     
 5-18   +36.1247  +0.0044  +0.0037      5-19   +44.9999  +0.0044  +0.0049  *  
 5-20   +55.0726  +0.0046  +0.0036      5-21   +59.9999  +0.0046  +0.0034     
 5-22   +50.9116  +0.0045  +0.0006      5-23   +43.2665  +0.0044  +0.0020     
 5-24   +37.9473  +0.0044  +0.0014      5-25   +35.9999  +0.0044  -0.0003     
 6- 7   +12.0000  +0.0041  +0.0003      6- 8   +24.0000  +0.0042  +0.0006     
 6- 9   +35.9999  +0.0044  +0.0012      6-10   +47.9999  +0.0045  +0.0011     
 6-11   +48.8364  +0.0045  +0.0007      6-12   +37.1079  +0.0044  +0.0019     
 6-13   +25.6320  +0.0043  +0.0026      6-14   +15.0000  +0.0041  +0.0006     
 6-15    +9.0000  +0.0041  -0.0011      6-16   +18.0000  +0.0042  -0.0005     
 6-17   +21.6333  +0.0042  +0.0009      6-18   +29.9999  +0.0043  +0.0010     
 6-19   +40.2491  +0.0044  +0.0019      6-20   +51.2639  +0.0045  +0.0001     
 6-21   +55.0726  +0.0046  +0.0002      6-22   +44.9999  +0.0044  -0.0025     
 6-23   +36.1247  +0.0044  -0.0007      6-24   +29.5465  +0.0043  -0.0005     
 6-25   +26.9999  +0.0043  -0.0010      7- 8   +12.0000  +0.0041  +0.0003     
 7- 9   +24.0000  +0.0042  +0.0009      7-10   +35.9999  +0.0044  +0.0008     
 7-11   +37.1079  +0.0044  +0.0006      7-12   +25.6320  +0.0043  +0.0019     
 7-13   +15.0000  +0.0041  +0.0020      7-14    +9.0000  +0.0041  -0.0003     
 7-15   +15.0000  +0.0041  -0.0012      7-16   +21.6333  +0.0042  -0.0009     
 7-17   +18.0000  +0.0042  +0.0010      7-18   +21.6333  +0.0042  +0.0012     
 7-19   +29.9999  +0.0043  +0.0019      7-20   +40.2491  +0.0044  +0.0003     
 7-21   +44.9999  +0.0044  +0.0005      7-22   +36.1247  +0.0044  -0.0019     
 7-23   +29.5465  +0.0043  +0.0003      7-24   +26.9999  +0.0043  +0.0007     
 7-25   +29.5465  +0.0043  -0.0000      8- 9   +12.0000  +0.0041  +0.0006     
 8-10   +24.0000  +0.0042  +0.0005      8-11   +25.6320  +0.0043  +0.0005     
 8-12   +15.0000  +0.0041  +0.0018      8-13    +9.0000  +0.0041  -0.0006     
 8-14   +15.0000  +0.0041  -0.0008      8-15   +25.6320  +0.0043  -0.0009     
 8-16   +29.9999  +0.0043  -0.0010      8-17   +21.6333  +0.0042  +0.0008     
 8-18   +18.0000  +0.0042  +0.0012      8-19   +21.6333  +0.0042  +0.0016     
 8-20   +29.9999  +0.0043  +0.0004      8-21   +36.1247  +0.0044  +0.0007     
 8-22   +29.5465  +0.0043  -0.0011      8-23   +26.9999  +0.0043  +0.0014     
 8-24   +29.5465  +0.0043  +0.0016      8-25   +36.1247  +0.0044  +0.0006     
 9-10   +12.0000  +0.0041  -0.0001      9-11   +15.0000  +0.0041  -0.0001     
 9-12    +9.0000  +0.0041  +0.0005      9-13   +15.0000  +0.0041  -0.0026     
 9-14   +25.6320  +0.0043  -0.0006      9-15   +37.1079  +0.0044  -0.0006     
 9-16   +40.2491  +0.0044  -0.0010      9-17   +29.9999  +0.0043  +0.0004     
 9-18   +21.6333  +0.0042  +0.0004      9-19   +18.0000  +0.0042  +0.0002     
 9-20   +21.6333  +0.0042  +0.0001      9-21   +29.5465  +0.0043  +0.0003     
 9-22   +26.9999  +0.0043  -0.0006      9-23   +29.5465  +0.0043  +0.0017     
 9-24   +36.1247  +0.0044  +0.0017      9-25   +44.9999  +0.0044  +0.0008     
10-11    +9.0000  +0.0041  -0.0005     10-12   +15.0000  +0.0041  -0.0011     
10-13   +25.6320  +0.0043  -0.0030     10-14   +37.1079  +0.0044  -0.0009     
10-15   +48.8364  +0.0045  -0.0008     10-16   +51.2639  +0.0045  -0.0015     
10-17   +40.2491  +0.0044  -0.0002     10-18   +29.9999  +0.0043  -0.0004     
10-19   +21.6333  +0.0042  -0.0013     10-20   +18.0000  +0.0042  -0.0002     
10-21   +26.9999  +0.0043  -0.0002     10-22   +29.5465  +0.0043  -0.0001     
10-23   +36.1247  +0.0044  +0.0014     10-24   +44.9999  +0.0044  +0.0013     
10-25   +55.0726  +0.0046  +0.0004     11-12   +12.0000  +0.0041  -0.0013     
11-13   +24.0000  +0.0042  -0.0027     11-14   +35.9999  +0.0044  -0.0009     
11-15   +47.9999  +0.0045  -0.0008     11-16   +48.8364  +0.0045  -0.0016     
11-17   +37.1079  +0.0044  -0.0004     11-18   +25.6320  +0.0043  -0.0005     
11-19   +15.0000  +0.0041  -0.0014     11-20    +9.0000  +0.0041  +0.0003     
11-21   +18.0000  +0.0042  +0.0003     11-22   +21.6333  +0.0042  +0.0008     
11-23   +29.9999  +0.0043  +0.0018     11-24   +40.2491  +0.0044  +0.0015     
11-25   +51.2639  +0.0045  +0.0005     12-13   +12.0000  +0.0041  -0.0014     
12-14   +24.0000  +0.0042  +0.0004     12-15   +35.9999  +0.0044  +0.0004     
12-16   +37.1079  +0.0044  -0.0004     12-17   +25.6320  +0.0043  +0.0008     
12-18   +15.0000  +0.0041  +0.0006     12-19    +9.0000  +0.0041  -0.0003     
12-20   +15.0000  +0.0041  -0.0014     12-21   +21.6333  +0.0042  -0.0008     
12-22   +18.0000  +0.0042  -0.0011     12-23   +21.6333  +0.0042  +0.0021     
12-24   +29.9999  +0.0043  +0.0024     12-25   +40.2491  +0.0044  +0.0015     
13-14   +12.0000  +0.0041  +0.0019     13-15   +24.0000  +0.0042  +0.0019     
13-16   +25.6320  +0.0043  +0.0015     13-17   +15.0000  +0.0041  +0.0029     
13-18    +9.0000  +0.0041  +0.0017     13-19   +15.0000  +0.0041  -0.0001     
13-20   +25.6320  +0.0043  -0.0025     13-21   +29.9999  +0.0043  -0.0015     
13-22   +21.6333  +0.0042  -0.0026     13-23   +18.0000  +0.0042  +0.0019     
13-24   +21.6333  +0.0042  +0.0038     13-25   +29.9999  +0.0043  +0.0033     
14-15   +12.0000  +0.0041  +0.0000     14-16   +15.0000  +0.0041  -0.0002     
14-17    +9.0000  +0.0041  +0.0013     14-18   +15.0000  +0.0041  +0.0004     
14-19   +25.6320  +0.0043  +0.0009     14-20   +37.1079  +0.0044  -0.0012     
14-21   +40.2491  +0.0044  -0.0008     14-22   +29.9999  +0.0043  -0.0031     
14-23   +21.6333  +0.0042  -0.0005     14-24   +18.0000  +0.0042  +0.0010     
14-25   +21.6333  +0.0042  +0.0011     15-16    +9.0000  +0.0041  +0.0006     
15-17   +15.0000  +0.0041  +0.0005     15-18   +25.6320  +0.0043  +0.0001     
15-19   +37.1079  +0.0044  +0.0009     15-20   +48.8364  +0.0045  -0.0013     
15-21   +51.2639  +0.0045  -0.0010     15-22   +40.2491  +0.0044  -0.0034     
15-23   +29.9999  +0.0043  -0.0015     15-24   +21.6333  +0.0042  -0.0006     
15-25   +18.0000  +0.0042  +0.0001     16-17   +12.0000  +0.0041  -0.0011     
16-18   +24.0000  +0.0042  -0.0010     16-19   +35.9999  +0.0044  -0.0001     
16-20   +47.9999  +0.0045  -0.0023     16-21   +48.8364  +0.0045  -0.0021     
16-22   +37.1079  +0.0044  -0.0046  *  16-23   +25.6320  +0.0043  -0.0032     
16-24   +15.0000  +0.0041  -0.0024     16-25    +9.0000  +0.0041  -0.0005     
17-18   +12.0000  +0.0041  +0.0000     17-19   +24.0000  +0.0042  +0.0010     
17-20   +35.9999  +0.0044  -0.0012     17-21   +37.1079  +0.0044  -0.0012     
17-22   +25.6320  +0.0043  -0.0037     17-23   +15.0000  +0.0041  -0.0021     
17-24    +9.0000  +0.0041  -0.0003     17-25   +15.0000  +0.0041  +0.0004     
18-19   +12.0000  +0.0041  +0.0010     18-20   +24.0000  +0.0042  -0.0012     
18-21   +25.6320  +0.0043  -0.0011     18-22   +15.0000  +0.0041  -0.0035     
18-23    +9.0000  +0.0041  +0.0002     18-24   +15.0000  +0.0041  +0.0017     
18-25   +25.6320  +0.0043  +0.0010     19-20   +12.0000  +0.0041  -0.0022     
19-21   +15.0000  +0.0041  -0.0014     19-22    +9.0000  +0.0041  -0.0008     
19-23   +15.0000  +0.0041  +0.0032     19-24   +25.6320  +0.0043  +0.0031     
19-25   +37.1079  +0.0044  +0.0022     20-21    +9.0000  +0.0041  -0.0000     
20-22   +15.0000  +0.0041  +0.0010     20-23   +25.6320  +0.0043  +0.0013     
20-24   +37.1079  +0.0044  +0.0009     20-25   +48.8364  +0.0045  -0.0001     
21-22   +12.0000  +0.0041  +0.0022     21-23   +24.0000  +0.0042  +0.0014     
21-24   +35.9999  +0.0044  +0.0010     21-25   +47.9999  +0.0045  +0.0002     
22-23   +12.0000  +0.0041  -0.0009     22-24   +24.0000  +0.0042  -0.0012     
22-25   +35.9999  +0.0044  -0.0021     23-24   +12.0000  +0.0041  -0.0004     
23-25   +24.0000  +0.0042  -0.0012     24-25   +12.0000  +0.0041  -0.0008     
================================================================================
Verification Started At:   Fri Dec 16  09:56:40  2016
Verification Completed At: Fri Dec 16  09:56:57  2016
================================================================================
Verification report                                     Machine S/N:SFD2001052
Grid S/N: 0003  Units: MM              4.0+L/100             09:56AM on 12\16\16
================================================================================
                     Distance                               Distance  
--------------------------------------------------------------------------------
        Nominal    Atol   Deviation            Nominal    Atol   Deviation      
================================================================================
 1- 2   +12.0000  +0.0041  +0.0003      1- 3   +24.0000  +0.0042  +0.0003     
 1- 4   +35.9999  +0.0044  +0.0006      1- 5   +47.9999  +0.0045  +0.0016     
 1- 6   +48.8364  +0.0045  -0.0007      1- 7   +37.1079  +0.0044  -0.0006     
 1- 8   +25.6320  +0.0043  -0.0005      1- 9   +15.0000  +0.0041  -0.0009     
 1-10    +9.0000  +0.0041  +0.0003      1-11   +18.0000  +0.0042  -0.0006     
 1-12   +21.6333  +0.0042  -0.0022      1-13   +29.9999  +0.0043  -0.0017     
 1-14   +40.2491  +0.0044  -0.0014      1-15   +51.2639  +0.0045  -0.0012     
 1-16   +55.0726  +0.0046  -0.0033      1-17   +44.9999  +0.0044  +0.0127  *  
 1-18   +36.1247  +0.0044  -0.0018      1-19   +29.5465  +0.0043  -0.0023     
 1-20   +26.9999  +0.0043  +0.0002      1-21   +35.9999  +0.0044  +0.0001     
 1-22   +37.9473  +0.0044  +0.0024      1-23   +43.2665  +0.0044  -0.0016     
 1-24   +50.9116  +0.0045  -0.0053  *   1-25   +59.9999  +0.0046  -0.0037     
 2- 3   +12.0000  +0.0041  -0.0001      2- 4   +24.0000  +0.0042  +0.0002     
 2- 5   +35.9999  +0.0044  +0.0012      2- 6   +37.1079  +0.0044  -0.0009     
 2- 7   +25.6320  +0.0043  -0.0008      2- 8   +15.0000  +0.0041  -0.0007     
 2- 9    +9.0000  +0.0041  +0.0001      2-10   +15.0000  +0.0041  +0.0006     
 2-11   +21.6333  +0.0042  -0.0001      2-12   +18.0000  +0.0042  -0.0009     
 2-13   +21.6333  +0.0042  -0.0013      2-14   +29.9999  +0.0043  -0.0012     
 2-15   +40.2491  +0.0044  -0.0011      2-16   +44.9999  +0.0044  -0.0029     
 2-17   +36.1247  +0.0044  +0.0171  *   2-18   +29.5465  +0.0043  -0.0007     
 2-19   +26.9999  +0.0043  -0.0004      2-20   +29.5465  +0.0043  +0.0007     
 2-21   +37.9473  +0.0044  +0.0007      2-22   +35.9999  +0.0044  +0.0032     
 2-23   +37.9473  +0.0044  -0.0004      2-24   +43.2665  +0.0044  -0.0046  *  
 2-25   +50.9116  +0.0045  -0.0029      3- 4   +12.0000  +0.0041  +0.0003     
 3- 5   +24.0000  +0.0042  +0.0013      3- 6   +25.6320  +0.0043  -0.0006     
 3- 7   +15.0000  +0.0041  -0.0008      3- 8    +9.0000  +0.0041  -0.0006     
 3- 9   +15.0000  +0.0041  +0.0009      3-10   +25.6320  +0.0043  +0.0004     
 3-11   +29.9999  +0.0043  -0.0001      3-12   +21.6333  +0.0042  +0.0004     
 3-13   +18.0000  +0.0042  -0.0004      3-14   +21.6333  +0.0042  -0.0006     
 3-15   +29.9999  +0.0043  -0.0006      3-16   +36.1247  +0.0044  -0.0021     
 3-17   +29.5465  +0.0043  +0.0224  *   3-18   +26.9999  +0.0043  +0.0007     
 3-19   +29.5465  +0.0043  +0.0012      3-20   +36.1247  +0.0044  +0.0006     
 3-21   +43.2665  +0.0044  +0.0007      3-22   +37.9473  +0.0044  +0.0032     
 3-23   +35.9999  +0.0044  +0.0008      3-24   +37.9473  +0.0044  -0.0035     
 3-25   +43.2665  +0.0044  -0.0017      4- 5   +12.0000  +0.0041  +0.0010     
 4- 6   +15.0000  +0.0041  -0.0009      4- 7    +9.0000  +0.0041  -0.0012     
 4- 8   +15.0000  +0.0041  -0.0003      4- 9   +25.6320  +0.0043  +0.0011     
 4-10   +37.1079  +0.0044  +0.0004      4-11   +40.2491  +0.0044  -0.0002     
 4-12   +29.9999  +0.0043  +0.0009      4-13   +21.6333  +0.0042  +0.0001     
 4-14   +18.0000  +0.0042  -0.0003      4-15   +21.6333  +0.0042  -0.0004     
 4-16   +29.5465  +0.0043  -0.0016      4-17   +26.9999  +0.0043  +0.0254  *  
 4-18   +29.5465  +0.0043  +0.0013      4-19   +36.1247  +0.0044  +0.0018     
 4-20   +44.9999  +0.0044  +0.0003      4-21   +50.9116  +0.0045  +0.0003     
 4-22   +43.2665  +0.0044  +0.0026      4-23   +37.9473  +0.0044  +0.0012     
 4-24   +35.9999  +0.0044  -0.0026      4-25   +37.9473  +0.0044  -0.0009     
 5- 6    +9.0000  +0.0041  -0.0007      5- 7   +15.0000  +0.0041  +0.0001     
 5- 8   +25.6320  +0.0043  +0.0006      5- 9   +37.1079  +0.0044  +0.0019     
 5-10   +48.8364  +0.0045  +0.0011      5-11   +51.2639  +0.0045  +0.0004     
 5-12   +40.2491  +0.0044  +0.0018      5-13   +29.9999  +0.0043  +0.0010     
 5-14   +21.6333  +0.0042  +0.0005      5-15   +18.0000  +0.0042  -0.0001     
 5-16   +26.9999  +0.0043  -0.0008      5-17   +29.5465  +0.0043  +0.0241  *  
 5-18   +36.1247  +0.0044  +0.0021      5-19   +44.9999  +0.0044  +0.0027     
 5-20   +55.0726  +0.0046  +0.0006      5-21   +59.9999  +0.0046  +0.0005     
 5-22   +50.9116  +0.0045  +0.0023      5-23   +43.2665  +0.0044  +0.0017     
 5-24   +37.9473  +0.0044  -0.0015      5-25   +35.9999  +0.0044  -0.0001     
 6- 7   +12.0000  +0.0041  -0.0005      6- 8   +24.0000  +0.0042  -0.0008     
 6- 9   +35.9999  +0.0044  -0.0001      6-10   +47.9999  +0.0045  -0.0011     
 6-11   +48.8364  +0.0045  -0.0015      6-12   +37.1079  +0.0044  +0.0004     
 6-13   +25.6320  +0.0043  -0.0001      6-14   +15.0000  +0.0041  +0.0001     
 6-15    +9.0000  +0.0041  +0.0006      6-16   +18.0000  +0.0042  -0.0002     
 6-17   +21.6333  +0.0042  +0.0221  *   6-18   +29.9999  +0.0043  +0.0013     
 6-19   +40.2491  +0.0044  +0.0016      6-20   +51.2639  +0.0045  -0.0011     
 6-21   +55.0726  +0.0046  -0.0010      6-22   +44.9999  +0.0044  +0.0008     
 6-23   +36.1247  +0.0044  +0.0012      6-24   +29.5465  +0.0043  -0.0011     
 6-25   +26.9999  +0.0043  +0.0006      7- 8   +12.0000  +0.0041  -0.0003     
 7- 9   +24.0000  +0.0042  +0.0005      7-10   +35.9999  +0.0044  -0.0005     
 7-11   +37.1079  +0.0044  -0.0006      7-12   +25.6320  +0.0043  +0.0012     
 7-13   +15.0000  +0.0041  +0.0009      7-14    +9.0000  +0.0041  +0.0009     
 7-15   +15.0000  +0.0041  +0.0002      7-16   +21.6333  +0.0042  -0.0008     
 7-17   +18.0000  +0.0042  +0.0266  *   7-18   +21.6333  +0.0042  +0.0024     
 7-19   +29.9999  +0.0043  +0.0026      7-20   +40.2491  +0.0044  +0.0001     
 7-21   +44.9999  +0.0044  +0.0004      7-22   +36.1247  +0.0044  +0.0028     
 7-23   +29.5465  +0.0043  +0.0023      7-24   +26.9999  +0.0043  -0.0014     
 7-25   +29.5465  +0.0043  -0.0001      8- 9   +12.0000  +0.0041  +0.0007     
 8-10   +24.0000  +0.0042  -0.0003      8-11   +25.6320  +0.0043  -0.0002     
 8-12   +15.0000  +0.0041  +0.0012      8-13    +9.0000  +0.0041  +0.0002     
 8-14   +15.0000  +0.0041  -0.0005      8-15   +25.6320  +0.0043  -0.0008     
 8-16   +29.9999  +0.0043  -0.0022      8-17   +21.6333  +0.0042  +0.0205  *  
 8-18   +18.0000  +0.0042  +0.0013      8-19   +21.6333  +0.0042  +0.0021     
 8-20   +29.9999  +0.0043  +0.0006      8-21   +36.1247  +0.0044  +0.0009     
 8-22   +29.5465  +0.0043  +0.0036      8-23   +26.9999  +0.0043  +0.0014     
 8-24   +29.5465  +0.0043  -0.0032      8-25   +36.1247  +0.0044  -0.0018     
 9-10   +12.0000  +0.0041  -0.0010      9-11   +15.0000  +0.0041  -0.0011     
 9-12    +9.0000  +0.0041  -0.0010      9-13   +15.0000  +0.0041  -0.0008     
 9-14   +25.6320  +0.0043  -0.0005      9-15   +37.1079  +0.0044  -0.0005     
 9-16   +40.2491  +0.0044  -0.0025      9-17   +29.9999  +0.0043  +0.0136  *  
 9-18   +21.6333  +0.0042  -0.0007      9-19   +18.0000  +0.0042  -0.0005     
 9-20   +21.6333  +0.0042  -0.0000      9-21   +29.5465  +0.0043  +0.0001     
 9-22   +26.9999  +0.0043  +0.0031      9-23   +29.5465  +0.0043  -0.0004     
 9-24   +36.1247  +0.0044  -0.0043      9-25   +44.9999  +0.0044  -0.0028     
10-11    +9.0000  +0.0041  -0.0009     10-12   +15.0000  +0.0041  -0.0027     
10-13   +25.6320  +0.0043  -0.0019     10-14   +37.1079  +0.0044  -0.0017     
10-15   +48.8364  +0.0045  -0.0017     10-16   +51.2639  +0.0045  -0.0039     
10-17   +40.2491  +0.0044  +0.0082  *  10-18   +29.9999  +0.0043  -0.0026     
10-19   +21.6333  +0.0042  -0.0031     10-20   +18.0000  +0.0042  -0.0001     
10-21   +26.9999  +0.0043  -0.0002     10-22   +29.5465  +0.0043  +0.0019     
10-23   +36.1247  +0.0044  -0.0023     10-24   +44.9999  +0.0044  -0.0059  *  
10-25   +55.0726  +0.0046  -0.0045     11-12   +12.0000  +0.0041  -0.0022     
11-13   +24.0000  +0.0042  -0.0018     11-14   +35.9999  +0.0044  -0.0019     
11-15   +47.9999  +0.0045  -0.0022     11-16   +48.8364  +0.0045  -0.0042     
11-17   +37.1079  +0.0044  +0.0028     11-18   +25.6320  +0.0043  -0.0029     
11-19   +15.0000  +0.0041  -0.0034     11-20    +9.0000  +0.0041  +0.0008     
11-21   +18.0000  +0.0042  +0.0007     11-22   +21.6333  +0.0042  +0.0023     
11-23   +29.9999  +0.0043  -0.0024     11-24   +40.2491  +0.0044  -0.0057  *  
11-25   +51.2639  +0.0045  -0.0049  *  12-13   +12.0000  +0.0041  +0.0004     
12-14   +24.0000  +0.0042  +0.0003     12-15   +35.9999  +0.0044  +0.0001     
12-16   +37.1079  +0.0044  -0.0017     12-17   +25.6320  +0.0043  +0.0081  *  
12-18   +15.0000  +0.0041  +0.0001     12-19    +9.0000  +0.0041  +0.0005     
12-20   +15.0000  +0.0041  -0.0006     12-21   +21.6333  +0.0042  +0.0003     
12-22   +18.0000  +0.0042  +0.0041     12-23   +21.6333  +0.0042  +0.0006     
12-24   +29.9999  +0.0043  -0.0032     12-25   +40.2491  +0.0044  -0.0021     
13-14   +12.0000  +0.0041  -0.0001     13-15   +24.0000  +0.0042  -0.0004     
13-16   +25.6320  +0.0043  -0.0020     13-17   +15.0000  +0.0041  +0.0144  *  
13-18    +9.0000  +0.0041  +0.0011     13-19   +15.0000  +0.0041  +0.0017     
13-20   +25.6320  +0.0043  -0.0010     13-21   +29.9999  +0.0043  -0.0005     
13-22   +21.6333  +0.0042  +0.0024     13-23   +18.0000  +0.0042  +0.0012     
13-24   +21.6333  +0.0042  -0.0033     13-25   +29.9999  +0.0043  -0.0020     
14-15   +12.0000  +0.0041  -0.0002     14-16   +15.0000  +0.0041  -0.0017     
14-17    +9.0000  +0.0041  +0.0256  *  14-18   +15.0000  +0.0041  +0.0012     
14-19   +25.6320  +0.0043  +0.0016     14-20   +37.1079  +0.0044  -0.0016     
14-21   +40.2491  +0.0044  -0.0013     14-22   +29.9999  +0.0043  +0.0007     
14-23   +21.6333  +0.0042  +0.0012     14-24   +18.0000  +0.0042  -0.0024     
14-25   +21.6333  +0.0042  -0.0011     15-16    +9.0000  +0.0041  -0.0007     
15-17   +15.0000  +0.0041  +0.0158  *  15-18   +25.6320  +0.0043  +0.0007     
15-19   +37.1079  +0.0044  +0.0012     15-20   +48.8364  +0.0045  -0.0021     
15-21   +51.2639  +0.0045  -0.0020     15-22   +40.2491  +0.0044  -0.0006     
15-23   +29.9999  +0.0043  +0.0005     15-24   +21.6333  +0.0042  -0.0012     
15-25   +18.0000  +0.0042  -0.0000     16-17   +12.0000  +0.0041  -0.0008     
16-18   +24.0000  +0.0042  -0.0012     16-19   +35.9999  +0.0044  -0.0006     
16-20   +47.9999  +0.0045  -0.0042     16-21   +48.8364  +0.0045  -0.0041     
16-22   +37.1079  +0.0044  -0.0031     16-23   +25.6320  +0.0043  -0.0009     
16-24   +15.0000  +0.0041  -0.0009     16-25    +9.0000  +0.0041  +0.0007     
17-18   +12.0000  +0.0041  -0.0004     17-19   +24.0000  +0.0042  +0.0002     
17-20   +35.9999  +0.0044  -0.0035     17-21   +37.1079  +0.0044  -0.0094  *  
17-22   +25.6320  +0.0043  -0.0108  *  17-23   +15.0000  +0.0041  -0.0153  *  
17-24    +9.0000  +0.0041  -0.0280  *  17-25   +15.0000  +0.0041  -0.0164  *  
18-19   +12.0000  +0.0041  +0.0006     18-20   +24.0000  +0.0042  -0.0031     
18-21   +25.6320  +0.0043  -0.0027     18-22   +15.0000  +0.0041  -0.0005     
18-23    +9.0000  +0.0041  +0.0001     18-24   +15.0000  +0.0041  -0.0033     
18-25   +25.6320  +0.0043  -0.0020     19-20   +12.0000  +0.0041  -0.0037     
19-21   +15.0000  +0.0041  -0.0022     19-22    +9.0000  +0.0041  +0.0036     
19-23   +15.0000  +0.0041  +0.0010     19-24   +25.6320  +0.0043  -0.0020     
19-25   +37.1079  +0.0044  -0.0014     20-21    +9.0000  +0.0041  -0.0001     
20-22   +15.0000  +0.0041  +0.0010     20-23   +25.6320  +0.0043  -0.0031     
20-24   +37.1079  +0.0044  -0.0057  *  20-25   +48.8364  +0.0045  -0.0054  *  
21-22   +12.0000  +0.0041  -0.0004     21-23   +24.0000  +0.0042  -0.0032     
21-24   +35.9999  +0.0044  -0.0051  *  21-25   +47.9999  +0.0045  -0.0055  *  
22-23   +12.0000  +0.0041  -0.0028     22-24   +24.0000  +0.0042  -0.0047  *  
22-25   +35.9999  +0.0044  -0.0051  *  23-24   +12.0000  +0.0041  -0.0019     
23-25   +24.0000  +0.0042  -0.0023     24-25   +12.0000  +0.0041  -0.0004     
================================================================================
Verification Started At:   Wed Jan 25  09:52:27  2017
Verification Completed At: Wed Jan 25  09:52:46  2017
================================================================================
Verification report                                     Machine S/N:SFD2001052
Grid S/N: 0003  Units: IN              4.0+L/100             09:52AM on 01\25\17
================================================================================
                     Distance                               Distance  
--------------------------------------------------------------------------------
        Nominal    Atol   Deviation            Nominal    Atol   Deviation      
================================================================================
 1- 2    +0.47244 +0.00016 -0.00003      1- 3    +0.94488 +0.00017 -0.00005     
 1- 4    +1.41732 +0.00017 -0.00002      1- 5    +1.88976 +0.00018 -0.00000     
 1- 6    +1.92269 +0.00018 -0.00004      1- 7    +1.46094 +0.00017 -0.00005     
 1- 8    +1.00913 +0.00017 -0.00004      1- 9    +0.59055 +0.00016 -0.00007     
 1-10    +0.35433 +0.00016 -0.00000      1-11    +0.70866 +0.00016 +0.00000     
 1-12    +0.85170 +0.00017 -0.00005      1-13    +1.18110 +0.00017 -0.00010     
 1-14    +1.58461 +0.00017 -0.00008      1-15    +2.01826 +0.00018 -0.00011     
 1-16    +2.16821 +0.00018 -0.00012      1-17    +1.77165 +0.00018 -0.00008     
 1-18    +1.42223 +0.00017 -0.00005      1-19    +1.16325 +0.00017 -0.00004     
 1-20    +1.06299 +0.00017 +0.00000      1-21    +1.41732 +0.00017 +0.00001     
 1-22    +1.49399 +0.00017 -0.00006      1-23    +1.70341 +0.00017 -0.00007     
 1-24    +2.00439 +0.00018 -0.00011      1-25    +2.36220 +0.00018 -0.00015     
 2- 3    +0.47244 +0.00016 -0.00002      2- 4    +0.94488 +0.00017 +0.00002     
 2- 5    +1.41732 +0.00017 +0.00003      2- 6    +1.46094 +0.00017 +0.00001     
 2- 7    +1.00913 +0.00017 -0.00000      2- 8    +0.59055 +0.00016 +0.00000     
 2- 9    +0.35433 +0.00016 +0.00001      2-10    +0.59055 +0.00016 +0.00002     
 2-11    +0.85170 +0.00017 +0.00002      2-12    +0.70866 +0.00016 +0.00004     
 2-13    +0.85170 +0.00017 -0.00003      2-14    +1.18110 +0.00017 -0.00002     
 2-15    +1.58461 +0.00017 -0.00005      2-16    +1.77165 +0.00018 -0.00006     
 2-17    +1.42223 +0.00017 +0.00000      2-18    +1.16325 +0.00017 +0.00002     
 2-19    +1.06299 +0.00017 +0.00006      2-20    +1.16325 +0.00017 +0.00004     
 2-21    +1.49399 +0.00017 +0.00005      2-22    +1.41732 +0.00017 +0.00001     
 2-23    +1.49399 +0.00017 +0.00002      2-24    +1.70341 +0.00017 -0.00003     
 2-25    +2.00439 +0.00018 -0.00007      3- 4    +0.47244 +0.00016 +0.00003     
 3- 5    +0.94488 +0.00017 +0.00004      3- 6    +1.00913 +0.00017 +0.00002     
 3- 7    +0.59055 +0.00016 +0.00001      3- 8    +0.35433 +0.00016 -0.00002     
 3- 9    +0.59055 +0.00016 +0.00000      3-10    +1.00913 +0.00017 -0.00002     
 3-11    +1.18110 +0.00017 -0.00003      3-12    +0.85170 +0.00017 +0.00003     
 3-13    +0.70866 +0.00016 -0.00003      3-14    +0.85170 +0.00017 -0.00001     
 3-15    +1.18110 +0.00017 -0.00004      3-16    +1.42223 +0.00017 -0.00003     
 3-17    +1.16325 +0.00017 +0.00003      3-18    +1.06299 +0.00017 +0.00003     
 3-19    +1.16325 +0.00017 +0.00007      3-20    +1.42223 +0.00017 +0.00000     
 3-21    +1.70341 +0.00017 +0.00001      3-22    +1.49399 +0.00017 +0.00001     
 3-23    +1.41732 +0.00017 +0.00003      3-24    +1.49399 +0.00017 -0.00001     
 3-25    +1.70341 +0.00017 -0.00005      4- 5    +0.47244 +0.00016 +0.00001     
 4- 6    +0.59055 +0.00016 +0.00000      4- 7    +0.35433 +0.00016 -0.00000     
 4- 8    +0.59055 +0.00016 -0.00002      4- 9    +1.00913 +0.00017 +0.00003     
 4-10    +1.46094 +0.00017 +0.00001      4-11    +1.58461 +0.00017 -0.00002     
 4-12    +1.18110 +0.00017 +0.00005      4-13    +0.85170 +0.00017 -0.00001     
 4-14    +0.70866 +0.00016 -0.00001      4-15    +0.85170 +0.00017 -0.00005     
 4-16    +1.16325 +0.00017 -0.00003      4-17    +1.06299 +0.00017 +0.00005     
 4-18    +1.16325 +0.00017 +0.00003      4-19    +1.42223 +0.00017 +0.00008     
 4-20    +1.77165 +0.00018 +0.00000      4-21    +2.00439 +0.00018 +0.00000     
 4-22    +1.70341 +0.00017 +0.00002      4-23    +1.49399 +0.00017 +0.00004     
 4-24    +1.41732 +0.00017 +0.00000      4-25    +1.49399 +0.00017 -0.00003     
 5- 6    +0.35433 +0.00016 +0.00000      5- 7    +0.59055 +0.00016 +0.00001     
 5- 8    +1.00913 +0.00017 -0.00001      5- 9    +1.46094 +0.00017 +0.00004     
 5-10    +1.92269 +0.00018 +0.00001      5-11    +2.01826 +0.00018 -0.00003     
 5-12    +1.58461 +0.00017 +0.00004      5-13    +1.18110 +0.00017 +0.00000     
 5-14    +0.85170 +0.00017 -0.00001      5-15    +0.70866 +0.00016 -0.00004     
 5-16    +1.06299 +0.00017 -0.00002      5-17    +1.16325 +0.00017 +0.00006     
 5-18    +1.42223 +0.00017 +0.00002      5-19    +1.77165 +0.00018 +0.00008     
 5-20    +2.16821 +0.00018 -0.00001      5-21    +2.36220 +0.00018 -0.00002     
 5-22    +2.00439 +0.00018 +0.00001      5-23    +1.70341 +0.00017 +0.00003     
 5-24    +1.49399 +0.00017 +0.00001      5-25    +1.41732 +0.00017 -0.00002     
 6- 7    +0.47244 +0.00016 -0.00000      6- 8    +0.94488 +0.00017 -0.00003     
 6- 9    +1.41732 +0.00017 +0.00001      6-10    +1.88976 +0.00018 -0.00003     
 6-11    +1.92269 +0.00018 -0.00007      6-12    +1.46094 +0.00017 +0.00001     
 6-13    +1.00913 +0.00017 -0.00001      6-14    +0.59055 +0.00016 -0.00001     
 6-15    +0.35433 +0.00016 -0.00004      6-16    +0.70866 +0.00016 -0.00002     
 6-17    +0.85170 +0.00017 +0.00005      6-18    +1.18110 +0.00017 +0.00000     
 6-19    +1.58461 +0.00017 +0.00005      6-20    +2.01826 +0.00018 -0.00005     
 6-21    +2.16821 +0.00018 -0.00006      6-22    +1.77165 +0.00018 -0.00001     
 6-23    +1.42223 +0.00017 +0.00001      6-24    +1.16325 +0.00017 +0.00000     
 6-25    +1.06299 +0.00017 -0.00002      7- 8    +0.47244 +0.00016 -0.00003     
 7- 9    +0.94488 +0.00017 +0.00001      7-10    +1.41732 +0.00017 -0.00003     
 7-11    +1.46094 +0.00017 -0.00005      7-12    +1.00913 +0.00017 +0.00003     
 7-13    +0.59055 +0.00016 -0.00000      7-14    +0.35433 +0.00016 -0.00001     
 7-15    +0.59055 +0.00016 -0.00005      7-16    +0.85170 +0.00017 -0.00003     
 7-17    +0.70866 +0.00016 +0.00006      7-18    +0.85170 +0.00017 +0.00003     
 7-19    +1.18110 +0.00017 +0.00007      7-20    +1.58461 +0.00017 -0.00003     
 7-21    +1.77165 +0.00018 -0.00002      7-22    +1.42223 +0.00017 +0.00001     
 7-23    +1.16325 +0.00017 +0.00003      7-24    +1.06299 +0.00017 +0.00001     
 7-25    +1.16325 +0.00017 -0.00003      8- 9    +0.47244 +0.00016 +0.00004     
 8-10    +0.94488 +0.00017 -0.00000      8-11    +1.00913 +0.00017 -0.00001     
 8-12    +0.59055 +0.00016 +0.00007      8-13    +0.35433 +0.00016 -0.00000     
 8-14    +0.59055 +0.00016 -0.00003      8-15    +1.00913 +0.00017 -0.00007     
 8-16    +1.18110 +0.00017 -0.00006      8-17    +0.85170 +0.00017 +0.00002     
 8-18    +0.70866 +0.00016 +0.00005      8-19    +0.85170 +0.00017 +0.00011     
 8-20    +1.18110 +0.00017 +0.00003      8-21    +1.42223 +0.00017 +0.00003     
 8-22    +1.16325 +0.00017 +0.00004      8-23    +1.06299 +0.00017 +0.00005     
 8-24    +1.16325 +0.00017 -0.00001      8-25    +1.42223 +0.00017 -0.00007     
 9-10    +0.47244 +0.00016 -0.00004      9-11    +0.59055 +0.00016 -0.00003     
 9-12    +0.35433 +0.00016 +0.00003      9-13    +0.59055 +0.00016 -0.00003     
 9-14    +1.00913 +0.00017 -0.00001      9-15    +1.46094 +0.00017 -0.00004     
 9-16    +1.58461 +0.00017 -0.00006      9-17    +1.18110 +0.00017 -0.00001     
 9-18    +0.85170 +0.00017 +0.00002      9-19    +0.70866 +0.00016 +0.00005     
 9-20    +0.85170 +0.00017 +0.00001      9-21    +1.16325 +0.00017 +0.00002     
 9-22    +1.06299 +0.00017 +0.00000      9-23    +1.16325 +0.00017 +0.00001     
 9-24    +1.42223 +0.00017 -0.00004      9-25    +1.77165 +0.00018 -0.00008     
10-11    +0.35433 +0.00016 +0.00001     10-12    +0.59055 +0.00016 -0.00005     
10-13    +1.00913 +0.00017 -0.00007     10-14    +1.46094 +0.00017 -0.00006     
10-15    +1.92269 +0.00018 -0.00009     10-16    +2.01826 +0.00018 -0.00011     
10-17    +1.58461 +0.00017 -0.00008     10-18    +1.18110 +0.00017 -0.00005     
10-19    +0.85170 +0.00017 -0.00004     10-20    +0.70866 +0.00016 +0.00001     
10-21    +1.06299 +0.00017 +0.00001     10-22    +1.16325 +0.00017 -0.00006     
10-23    +1.42223 +0.00017 -0.00006     10-24    +1.77165 +0.00018 -0.00011     
10-25    +2.16821 +0.00018 -0.00015     11-12    +0.47244 +0.00016 -0.00009     
11-13    +0.94488 +0.00017 -0.00009     11-14    +1.41732 +0.00017 -0.00009     
11-15    +1.88976 +0.00018 -0.00013     11-16    +1.92269 +0.00018 -0.00016     
11-17    +1.46094 +0.00017 -0.00013     11-18    +1.00913 +0.00017 -0.00009     
11-19    +0.59055 +0.00016 -0.00010     11-20    +0.35433 +0.00016 -0.00000     
11-21    +0.70866 +0.00016 +0.00001     11-22    +0.85170 +0.00017 -0.00009     
11-23    +1.18110 +0.00017 -0.00010     11-24    +1.58461 +0.00017 -0.00015     
11-25    +2.01826 +0.00018 -0.00020  *  12-13    +0.47244 +0.00016 -0.00000     
12-14    +0.94488 +0.00017 -0.00000     12-15    +1.41732 +0.00017 -0.00004     
12-16    +1.46094 +0.00017 -0.00007     12-17    +1.00913 +0.00017 -0.00004     
12-18    +0.59055 +0.00016 +0.00000     12-19    +0.35433 +0.00016 +0.00002     
12-20    +0.59055 +0.00016 -0.00004     12-21    +0.85170 +0.00017 -0.00002     
12-22    +0.70866 +0.00016 -0.00003     12-23    +0.85170 +0.00017 -0.00002     
12-24    +1.18110 +0.00017 -0.00006     12-25    +1.58461 +0.00017 -0.00010     
13-14    +0.47244 +0.00016 -0.00000     13-15    +0.94488 +0.00017 -0.00004     
13-16    +1.00913 +0.00017 -0.00004     13-17    +0.59055 +0.00016 +0.00002     
13-18    +0.35433 +0.00016 +0.00006     13-19    +0.59055 +0.00016 +0.00007     
13-20    +1.00913 +0.00017 -0.00004     13-21    +1.18110 +0.00017 -0.00002     
13-22    +0.85170 +0.00017 +0.00002     13-23    +0.70866 +0.00016 +0.00005     
13-24    +0.85170 +0.00017 -0.00000     13-25    +1.18110 +0.00017 -0.00006     
14-15    +0.47244 +0.00016 -0.00004     14-16    +0.59055 +0.00016 -0.00003     
14-17    +0.35433 +0.00016 +0.00007     14-18    +0.59055 +0.00016 +0.00002     
14-19    +1.00913 +0.00017 +0.00005     14-20    +1.46094 +0.00017 -0.00006     
14-21    +1.58461 +0.00017 -0.00005     14-22    +1.18110 +0.00017 +0.00000     
14-23    +0.85170 +0.00017 +0.00004     14-24    +0.70866 +0.00016 +0.00002     
14-25    +0.85170 +0.00017 -0.00004     15-16    +0.35433 +0.00016 +0.00002     
15-17    +0.59055 +0.00016 +0.00004     15-18    +1.00913 +0.00017 -0.00003     
15-19    +1.46094 +0.00017 +0.00000     15-20    +1.92269 +0.00018 -0.00010     
15-21    +2.01826 +0.00018 -0.00010     15-22    +1.58461 +0.00017 -0.00004     
15-23    +1.18110 +0.00017 -0.00000     15-24    +0.85170 +0.00017 +0.00002     
15-25    +0.70866 +0.00016 +0.00002     16-17    +0.47244 +0.00016 -0.00002     
16-18    +0.94488 +0.00017 -0.00007     16-19    +1.41732 +0.00017 -0.00003     
16-20    +1.88976 +0.00018 -0.00014     16-21    +1.92269 +0.00018 -0.00015     
16-22    +1.46094 +0.00017 -0.00007     16-23    +1.00913 +0.00017 -0.00004     
16-24    +0.59055 +0.00016 -0.00001     16-25    +0.35433 +0.00016 +0.00000     
17-18    +0.47244 +0.00016 -0.00005     17-19    +0.94488 +0.00017 -0.00002     
17-20    +1.41732 +0.00017 -0.00012     17-21    +1.46094 +0.00017 -0.00014     
17-22    +1.00913 +0.00017 -0.00007     17-23    +0.59055 +0.00016 -0.00004     
17-24    +0.35433 +0.00016 -0.00005     17-25    +0.59055 +0.00016 -0.00007     
18-19    +0.47244 +0.00016 +0.00004     18-20    +0.94488 +0.00017 -0.00007     
18-21    +1.00913 +0.00017 -0.00007     18-22    +0.59055 +0.00016 -0.00001     
18-23    +0.35433 +0.00016 -0.00000     18-24    +0.59055 +0.00016 -0.00006     
18-25    +1.00913 +0.00017 -0.00011     19-20    +0.47244 +0.00016 -0.00011     
19-21    +0.59055 +0.00016 -0.00009     19-22    +0.35433 +0.00016 -0.00005     
19-23    +0.59055 +0.00016 -0.00001     19-24    +1.00913 +0.00017 -0.00004     
19-25    +1.46094 +0.00017 -0.00008     20-21    +0.35433 +0.00016 +0.00001     
20-22    +0.59055 +0.00016 -0.00009     20-23    +1.00913 +0.00017 -0.00010     
20-24    +1.46094 +0.00017 -0.00014     20-25    +1.92269 +0.00018 -0.00019  *  
21-22    +0.47244 +0.00016 -0.00009     21-23    +0.94488 +0.00017 -0.00011     
21-24    +1.41732 +0.00017 -0.00016     21-25    +1.88976 +0.00018 -0.00021  *  
22-23    +0.47244 +0.00016 -0.00002     22-24    +0.94488 +0.00017 -0.00006     
22-25    +1.41732 +0.00017 -0.00011     23-24    +0.47244 +0.00016 -0.00004     
23-25    +0.94488 +0.00017 -0.00009     24-25    +0.47244 +0.00016 -0.00005     
================================================================================
Verification Started At:   Wed Jan 25  10:01:25  2017
Verification Completed At: Wed Jan 25  10:01:43  2017
================================================================================
Verification report                                     Machine S/N:SFD2001052
Grid S/N: 0003  Units: MM              4.0+L/100             10:01AM on 01\25\17
================================================================================
                     Distance                               Distance  
--------------------------------------------------------------------------------
        Nominal    Atol   Deviation            Nominal    Atol   Deviation      
================================================================================
 1- 2   +12.0000  +0.0041  -0.0010      1- 3   +24.0000  +0.0042  -0.0016     
 1- 4   +35.9999  +0.0044  -0.0007      1- 5   +47.9999  +0.0045  +0.0003     
 1- 6   +48.8364  +0.0045  -0.0014      1- 7   +37.1079  +0.0044  -0.0015     
 1- 8   +25.6320  +0.0043  -0.0021      1- 9   +15.0000  +0.0041  -0.0025     
 1-10    +9.0000  +0.0041  -0.0003      1-11   +18.0000  +0.0042  -0.0001     
 1-12   +21.6333  +0.0042  -0.0021      1-13   +29.9999  +0.0043  -0.0029     
 1-14   +40.2491  +0.0044  -0.0023      1-15   +51.2639  +0.0045  -0.0027     
 1-16   +55.0726  +0.0046  -0.0036      1-17   +44.9999  +0.0044  +0.0231  *  
 1-18   +36.1247  +0.0044  -0.0036      1-19   +29.5465  +0.0043  -0.0040     
 1-20   +26.9999  +0.0043  -0.0000      1-21   +35.9999  +0.0044  -0.0006     
 1-22   +37.9473  +0.0044  -0.0021      1-23   +43.2665  +0.0044  -0.0020     
 1-24   +50.9116  +0.0045  -0.0043      1-25   +59.9999  +0.0046  -0.0040     
 2- 3   +12.0000  +0.0041  -0.0006      2- 4   +24.0000  +0.0042  +0.0003     
 2- 5   +35.9999  +0.0044  +0.0013      2- 6   +37.1079  +0.0044  -0.0001     
 2- 7   +25.6320  +0.0043  -0.0003      2- 8   +15.0000  +0.0041  -0.0008     
 2- 9    +9.0000  +0.0041  -0.0008      2-10   +15.0000  +0.0041  +0.0002     
 2-11   +21.6333  +0.0042  +0.0004      2-12   +18.0000  +0.0042  -0.0000     
 2-13   +21.6333  +0.0042  -0.0012      2-14   +29.9999  +0.0043  -0.0007     
 2-15   +40.2491  +0.0044  -0.0013      2-16   +44.9999  +0.0044  -0.0018     
 2-17   +36.1247  +0.0044  +0.0274  *   2-18   +29.5465  +0.0043  -0.0015     
 2-19   +26.9999  +0.0043  -0.0021      2-20   +29.5465  +0.0043  +0.0004     
 2-21   +37.9473  +0.0044  -0.0001      2-22   +35.9999  +0.0044  -0.0005     
 2-23   +37.9473  +0.0044  -0.0001      2-24   +43.2665  +0.0044  -0.0022     
 2-25   +50.9116  +0.0045  -0.0021      3- 4   +12.0000  +0.0041  +0.0009     
 3- 5   +24.0000  +0.0042  +0.0019      3- 6   +25.6320  +0.0043  +0.0005     
 3- 7   +15.0000  +0.0041  +0.0000      3- 8    +9.0000  +0.0041  -0.0009     
 3- 9   +15.0000  +0.0041  -0.0005      3-10   +25.6320  +0.0043  -0.0007     
 3-11   +29.9999  +0.0043  -0.0006      3-12   +21.6333  +0.0042  +0.0001     
 3-13   +18.0000  +0.0042  -0.0007      3-14   +21.6333  +0.0042  -0.0002     
 3-15   +29.9999  +0.0043  -0.0008      3-16   +36.1247  +0.0044  -0.0009     
 3-17   +29.5465  +0.0043  +0.0298  *   3-18   +26.9999  +0.0043  -0.0005     
 3-19   +29.5465  +0.0043  -0.0015      3-20   +36.1247  +0.0044  -0.0006     
 3-21   +43.2665  +0.0044  -0.0011      3-22   +37.9473  +0.0044  -0.0004     
 3-23   +35.9999  +0.0044  +0.0004      3-24   +37.9473  +0.0044  -0.0012     
 3-25   +43.2665  +0.0044  -0.0011      4- 5   +12.0000  +0.0041  +0.0010     
 4- 6   +15.0000  +0.0041  +0.0000      4- 7    +9.0000  +0.0041  -0.0004     
 4- 8   +15.0000  +0.0041  +0.0002      4- 9   +25.6320  +0.0043  +0.0007     
 4-10   +37.1079  +0.0044  +0.0002      4-11   +40.2491  +0.0044  +0.0000     
 4-12   +29.9999  +0.0043  +0.0011      4-13   +21.6333  +0.0042  +0.0006     
 4-14   +18.0000  +0.0042  +0.0003      4-15   +21.6333  +0.0042  -0.0009     
 4-16   +29.5465  +0.0043  -0.0002      4-17   +26.9999  +0.0043  +0.0283  *  
 4-18   +29.5465  +0.0043  +0.0010      4-19   +36.1247  +0.0044  -0.0001     
 4-20   +44.9999  +0.0044  -0.0002      4-21   +50.9116  +0.0045  -0.0007     
 4-22   +43.2665  +0.0044  +0.0004      4-23   +37.9473  +0.0044  +0.0012     
 4-24   +35.9999  +0.0044  +0.0001      4-25   +37.9473  +0.0044  -0.0002     
 5- 6    +9.0000  +0.0041  -0.0002      5- 7   +15.0000  +0.0041  +0.0002     
 5- 8   +25.6320  +0.0043  +0.0011      5- 9   +37.1079  +0.0044  +0.0015     
 5-10   +48.8364  +0.0045  +0.0009      5-11   +51.2639  +0.0045  +0.0004     
 5-12   +40.2491  +0.0044  +0.0016      5-13   +29.9999  +0.0043  +0.0012     
 5-14   +21.6333  +0.0042  +0.0006      5-15   +18.0000  +0.0042  -0.0011     
 5-16   +26.9999  +0.0043  +0.0002      5-17   +29.5465  +0.0043  +0.0215  *  
 5-18   +36.1247  +0.0044  +0.0016      5-19   +44.9999  +0.0044  +0.0006     
 5-20   +55.0726  +0.0046  -0.0000      5-21   +59.9999  +0.0046  -0.0008     
 5-22   +50.9116  +0.0045  +0.0006      5-23   +43.2665  +0.0044  +0.0013     
 5-24   +37.9473  +0.0044  +0.0006      5-25   +35.9999  +0.0044  +0.0001     
 6- 7   +12.0000  +0.0041  -0.0003      6- 8   +24.0000  +0.0042  +0.0001     
 6- 9   +35.9999  +0.0044  +0.0003      6-10   +47.9999  +0.0045  -0.0007     
 6-11   +48.8364  +0.0045  -0.0012      6-12   +37.1079  +0.0044  +0.0004     
 6-13   +25.6320  +0.0043  +0.0004      6-14   +15.0000  +0.0041  +0.0001     
 6-15    +9.0000  +0.0041  -0.0009      6-16   +18.0000  +0.0042  +0.0004     
 6-17   +21.6333  +0.0042  +0.0173  *   6-18   +29.9999  +0.0043  +0.0011     
 6-19   +40.2491  +0.0044  -0.0000      6-20   +51.2639  +0.0045  -0.0016     
 6-21   +55.0726  +0.0046  -0.0022      6-22   +44.9999  +0.0044  -0.0003     
 6-23   +36.1247  +0.0044  +0.0007      6-24   +29.5465  +0.0043  +0.0006     
 6-25   +26.9999  +0.0043  +0.0003      7- 8   +12.0000  +0.0041  +0.0004     
 7- 9   +24.0000  +0.0042  +0.0006      7-10   +35.9999  +0.0044  -0.0005     
 7-11   +37.1079  +0.0044  -0.0005      7-12   +25.6320  +0.0043  +0.0010     
 7-13   +15.0000  +0.0041  +0.0010      7-14    +9.0000  +0.0041  +0.0007     
 7-15   +15.0000  +0.0041  -0.0008      7-16   +21.6333  +0.0042  -0.0002     
 7-17   +18.0000  +0.0042  +0.0287  *   7-18   +21.6333  +0.0042  +0.0016     
 7-19   +29.9999  +0.0043  +0.0004      7-20   +40.2491  +0.0044  -0.0006     
 7-21   +44.9999  +0.0044  -0.0010      7-22   +36.1247  +0.0044  +0.0007     
 7-23   +29.5465  +0.0043  +0.0016      7-24   +26.9999  +0.0043  +0.0005     
 7-25   +29.5465  +0.0043  -0.0001      8- 9   +12.0000  +0.0041  +0.0002     
 8-10   +24.0000  +0.0042  -0.0009      8-11   +25.6320  +0.0043  -0.0006     
 8-12   +15.0000  +0.0041  +0.0009      8-13    +9.0000  +0.0041  +0.0002     
 8-14   +15.0000  +0.0041  +0.0001      8-15   +25.6320  +0.0043  -0.0007     
 8-16   +29.9999  +0.0043  -0.0009      8-17   +21.6333  +0.0042  +0.0297  *  
 8-18   +18.0000  +0.0042  +0.0004      8-19   +21.6333  +0.0042  -0.0004     
 8-20   +29.9999  +0.0043  -0.0004      8-21   +36.1247  +0.0044  -0.0007     
 8-22   +29.5465  +0.0043  +0.0005      8-23   +26.9999  +0.0043  +0.0013     
 8-24   +29.5465  +0.0043  -0.0007      8-25   +36.1247  +0.0044  -0.0010     
 9-10   +12.0000  +0.0041  -0.0011      9-11   +15.0000  +0.0041  -0.0002     
 9-12    +9.0000  +0.0041  +0.0007      9-13   +15.0000  +0.0041  -0.0004     
 9-14   +25.6320  +0.0043  -0.0000      9-15   +37.1079  +0.0044  -0.0006     
 9-16   +40.2491  +0.0044  -0.0013      9-17   +29.9999  +0.0043  +0.0255  *  
 9-18   +21.6333  +0.0042  -0.0008      9-19   +18.0000  +0.0042  -0.0013     
 9-20   +21.6333  +0.0042  +0.0004      9-21   +29.5465  +0.0043  +0.0001     
 9-22   +26.9999  +0.0043  +0.0003      9-23   +29.5465  +0.0043  +0.0007     
 9-24   +36.1247  +0.0044  -0.0016      9-25   +44.9999  +0.0044  -0.0016     
10-11    +9.0000  +0.0041  +0.0002     10-12   +15.0000  +0.0041  -0.0016     
10-13   +25.6320  +0.0043  -0.0021     10-14   +37.1079  +0.0044  -0.0015     
10-15   +48.8364  +0.0045  -0.0020     10-16   +51.2639  +0.0045  -0.0031     
10-17   +40.2491  +0.0044  +0.0204  *  10-18   +29.9999  +0.0043  -0.0032     
10-19   +21.6333  +0.0042  -0.0035     10-20   +18.0000  +0.0042  +0.0003     
10-21   +26.9999  +0.0043  -0.0003     10-22   +29.5465  +0.0043  -0.0017     
10-23   +36.1247  +0.0044  -0.0016     10-24   +44.9999  +0.0044  -0.0039     
10-25   +55.0726  +0.0046  -0.0037     11-12   +12.0000  +0.0041  -0.0019     
11-13   +24.0000  +0.0042  -0.0022     11-14   +35.9999  +0.0044  -0.0019     
11-15   +47.9999  +0.0045  -0.0023     11-16   +48.8364  +0.0045  -0.0039     
11-17   +37.1079  +0.0044  +0.0150  *  11-18   +25.6320  +0.0043  -0.0038     
11-19   +15.0000  +0.0041  -0.0039     11-20    +9.0000  +0.0041  +0.0000     
11-21   +18.0000  +0.0042  -0.0005     11-22   +21.6333  +0.0042  -0.0023     
11-23   +29.9999  +0.0043  -0.0024     11-24   +40.2491  +0.0044  -0.0047  *  
11-25   +51.2639  +0.0045  -0.0046  *  12-13   +12.0000  +0.0041  -0.0003     
12-14   +24.0000  +0.0042  -0.0000     12-15   +35.9999  +0.0044  -0.0004     
12-16   +37.1079  +0.0044  -0.0017     12-17   +25.6320  +0.0043  +0.0198  *  
12-18   +15.0000  +0.0041  -0.0016     12-19    +9.0000  +0.0041  -0.0020     
12-20   +15.0000  +0.0041  -0.0013     12-21   +21.6333  +0.0042  -0.0012     
12-22   +18.0000  +0.0042  -0.0004     12-23   +21.6333  +0.0042  +0.0000     
12-24   +29.9999  +0.0043  -0.0023     12-25   +40.2491  +0.0044  -0.0022     
13-14   +12.0000  +0.0041  +0.0003     13-15   +24.0000  +0.0042  -0.0001     
13-16   +25.6320  +0.0043  -0.0010     13-17   +15.0000  +0.0041  +0.0260  *  
13-18    +9.0000  +0.0041  +0.0002     13-19   +15.0000  +0.0041  -0.0006     
13-20   +25.6320  +0.0043  -0.0020     13-21   +29.9999  +0.0043  -0.0020     
13-22   +21.6333  +0.0042  -0.0001     13-23   +18.0000  +0.0042  +0.0011     
13-24   +21.6333  +0.0042  -0.0010     13-25   +29.9999  +0.0043  -0.0012     
14-15   +12.0000  +0.0041  -0.0004     14-16   +15.0000  +0.0041  -0.0010     
14-17    +9.0000  +0.0041  +0.0280  *  14-18   +15.0000  +0.0041  +0.0010     
14-19   +25.6320  +0.0043  -0.0001     14-20   +37.1079  +0.0044  -0.0021     
14-21   +40.2491  +0.0044  -0.0025     14-22   +29.9999  +0.0043  -0.0004     
14-23   +21.6333  +0.0042  +0.0007     14-24   +18.0000  +0.0042  -0.0002     
14-25   +21.6333  +0.0042  -0.0009     15-16    +9.0000  +0.0041  +0.0012     
15-17   +15.0000  +0.0041  +0.0082  *  15-18   +25.6320  +0.0043  +0.0011     
15-19   +37.1079  +0.0044  -0.0002     15-20   +48.8364  +0.0045  -0.0026     
15-21   +51.2639  +0.0045  -0.0030     15-22   +40.2491  +0.0044  -0.0006     
15-23   +29.9999  +0.0043  +0.0006     15-24   +21.6333  +0.0042  +0.0014     
15-25   +18.0000  +0.0042  +0.0012     16-17   +12.0000  +0.0041  -0.0126  *  
16-18   +24.0000  +0.0042  -0.0004     16-19   +35.9999  +0.0044  -0.0014     
16-20   +47.9999  +0.0045  -0.0045  *  16-21   +48.8364  +0.0045  -0.0051  *  
16-22   +37.1079  +0.0044  -0.0024     16-23   +25.6320  +0.0043  -0.0015     
16-24   +15.0000  +0.0041  -0.0001     16-25    +9.0000  +0.0041  -0.0000     
17-18   +12.0000  +0.0041  +0.0123  *  17-19   +24.0000  +0.0042  +0.0113  *  
17-20   +35.9999  +0.0044  +0.0081  *  17-21   +37.1079  +0.0044  +0.0006     
17-22   +25.6320  +0.0043  -0.0002     17-23   +15.0000  +0.0041  -0.0076  *  
17-24    +9.0000  +0.0041  -0.0282  *  17-25   +15.0000  +0.0041  -0.0271  *  
18-19   +12.0000  +0.0041  -0.0010     18-20   +24.0000  +0.0042  -0.0041     
18-21   +25.6320  +0.0043  -0.0040     18-22   +15.0000  +0.0041  -0.0014     
18-23    +9.0000  +0.0041  +0.0009     18-24   +15.0000  +0.0041  -0.0007     
18-25   +25.6320  +0.0043  -0.0007     19-20   +12.0000  +0.0041  -0.0031     
19-21   +15.0000  +0.0041  -0.0014     19-22    +9.0000  +0.0041  +0.0016     
19-23   +15.0000  +0.0041  +0.0015     19-24   +25.6320  +0.0043  -0.0013     
19-25   +37.1079  +0.0044  -0.0015     20-21    +9.0000  +0.0041  -0.0005     
20-22   +15.0000  +0.0041  -0.0028     20-23   +25.6320  +0.0043  -0.0031     
20-24   +37.1079  +0.0044  -0.0054  *  20-25   +48.8364  +0.0045  -0.0054  *  
21-22   +12.0000  +0.0041  -0.0029     21-23   +24.0000  +0.0042  -0.0037     
21-24   +35.9999  +0.0044  -0.0058  *  21-25   +47.9999  +0.0045  -0.0060  *  
22-23   +12.0000  +0.0041  -0.0008     22-24   +24.0000  +0.0042  -0.0029     
22-25   +35.9999  +0.0044  -0.0031     23-24   +12.0000  +0.0041  -0.0021     
23-25   +24.0000  +0.0042  -0.0023     24-25   +12.0000  +0.0041  -0.0002     
================================================================================
Verification Started At:   Wed Jan 25  10:02:51  2017
Verification Completed At: Wed Jan 25  10:03:11  2017
================================================================================
Verification report                                     Machine S/N:SFD2001052
Grid S/N: 0003  Units: MM              4.0+L/100             10:03AM on 01\25\17
================================================================================
                     Distance                               Distance  
--------------------------------------------------------------------------------
        Nominal    Atol   Deviation            Nominal    Atol   Deviation      
================================================================================
 1- 2   +12.0000  +0.0041  -0.0008      1- 3   +24.0000  +0.0042  -0.0012     
 1- 4   +35.9999  +0.0044  -0.0003      1- 5   +47.9999  +0.0045  +0.0001     
 1- 6   +48.8364  +0.0045  -0.0007      1- 7   +37.1079  +0.0044  -0.0007     
 1- 8   +25.6320  +0.0043  -0.0012      1- 9   +15.0000  +0.0041  -0.0016     
 1-10    +9.0000  +0.0041  -0.0001      1-11   +18.0000  +0.0042  +0.0000     
 1-12   +21.6333  +0.0042  -0.0021      1-13   +29.9999  +0.0043  -0.0023     
 1-14   +40.2491  +0.0044  -0.0016      1-15   +51.2639  +0.0045  -0.0025     
 1-16   +55.0726  +0.0046  -0.0034      1-17   +44.9999  +0.0044  +0.0232  *  
 1-18   +36.1247  +0.0044  -0.0030      1-19   +29.5465  +0.0043  -0.0042     
 1-20   +26.9999  +0.0043  +0.0000      1-21   +35.9999  +0.0044  -0.0001     
 1-22   +37.9473  +0.0044  -0.0017      1-23   +43.2665  +0.0044  -0.0019     
 1-24   +50.9116  +0.0045  -0.0037      1-25   +59.9999  +0.0046  -0.0035     
 2- 3   +12.0000  +0.0041  -0.0004      2- 4   +24.0000  +0.0042  +0.0005     
 2- 5   +35.9999  +0.0044  +0.0009      2- 6   +37.1079  +0.0044  +0.0004     
 2- 7   +25.6320  +0.0043  +0.0004      2- 8   +15.0000  +0.0041  -0.0001     
 2- 9    +9.0000  +0.0041  +0.0004      2-10   +15.0000  +0.0041  -0.0001     
 2-11   +21.6333  +0.0042  +0.0005      2-12   +18.0000  +0.0042  -0.0000     
 2-13   +21.6333  +0.0042  -0.0006      2-14   +29.9999  +0.0043  -0.0001     
 2-15   +40.2491  +0.0044  -0.0011      2-16   +44.9999  +0.0044  -0.0016     
 2-17   +36.1247  +0.0044  +0.0276  *   2-18   +29.5465  +0.0043  -0.0008     
 2-19   +26.9999  +0.0043  -0.0020      2-20   +29.5465  +0.0043  +0.0007     
 2-21   +37.9473  +0.0044  +0.0007      2-22   +35.9999  +0.0044  +0.0001     
 2-23   +37.9473  +0.0044  +0.0002      2-24   +43.2665  +0.0044  -0.0015     
 2-25   +50.9116  +0.0045  -0.0015      3- 4   +12.0000  +0.0041  +0.0009     
 3- 5   +24.0000  +0.0042  +0.0012      3- 6   +25.6320  +0.0043  +0.0008     
 3- 7   +15.0000  +0.0041  +0.0005      3- 8    +9.0000  +0.0041  -0.0007     
 3- 9   +15.0000  +0.0041  +0.0000      3-10   +25.6320  +0.0043  -0.0012     
 3-11   +29.9999  +0.0043  -0.0008      3-12   +21.6333  +0.0042  -0.0001     
 3-13   +18.0000  +0.0042  -0.0007      3-14   +21.6333  +0.0042  -0.0000     
 3-15   +29.9999  +0.0043  -0.0009      3-16   +36.1247  +0.0044  -0.0011     
 3-17   +29.5465  +0.0043  +0.0296  *   3-18   +26.9999  +0.0043  -0.0003     
 3-19   +29.5465  +0.0043  -0.0017      3-20   +36.1247  +0.0044  -0.0005     
 3-21   +43.2665  +0.0044  -0.0004      3-22   +37.9473  +0.0044  -0.0002     
 3-23   +35.9999  +0.0044  +0.0004      3-24   +37.9473  +0.0044  -0.0009     
 3-25   +43.2665  +0.0044  -0.0008      4- 5   +12.0000  +0.0041  +0.0003     
 4- 6   +15.0000  +0.0041  +0.0005      4- 7    +9.0000  +0.0041  +0.0001     
 4- 8   +15.0000  +0.0041  +0.0001      4- 9   +25.6320  +0.0043  +0.0010     
 4-10   +37.1079  +0.0044  -0.0004      4-11   +40.2491  +0.0044  -0.0002     
 4-12   +29.9999  +0.0043  +0.0010      4-13   +21.6333  +0.0042  +0.0004     
 4-14   +18.0000  +0.0042  +0.0004      4-15   +21.6333  +0.0042  -0.0009     
 4-16   +29.5465  +0.0043  -0.0003      4-17   +26.9999  +0.0043  +0.0283  *  
 4-18   +29.5465  +0.0043  +0.0012      4-19   +36.1247  +0.0044  -0.0000     
 4-20   +44.9999  +0.0044  -0.0000      4-21   +50.9116  +0.0045  +0.0000     
 4-22   +43.2665  +0.0044  +0.0007      4-23   +37.9473  +0.0044  +0.0014     
 4-24   +35.9999  +0.0044  +0.0005      4-25   +37.9473  +0.0044  +0.0002     
 5- 6    +9.0000  +0.0041  +0.0005      5- 7   +15.0000  +0.0041  -0.0001     
 5- 8   +25.6320  +0.0043  +0.0003      5- 9   +37.1079  +0.0044  +0.0011     
 5-10   +48.8364  +0.0045  -0.0003      5-11   +51.2639  +0.0045  -0.0003     
 5-12   +40.2491  +0.0044  +0.0011      5-13   +29.9999  +0.0043  +0.0006     
 5-14   +21.6333  +0.0042  +0.0004      5-15   +18.0000  +0.0042  -0.0007     
 5-16   +26.9999  +0.0043  +0.0004      5-17   +29.5465  +0.0043  +0.0216  *  
 5-18   +36.1247  +0.0044  +0.0015      5-19   +44.9999  +0.0044  +0.0003     
 5-20   +55.0726  +0.0046  -0.0004      5-21   +59.9999  +0.0046  -0.0005     
 5-22   +50.9116  +0.0045  +0.0006      5-23   +43.2665  +0.0044  +0.0014     
 5-24   +37.9473  +0.0044  +0.0010      5-25   +35.9999  +0.0044  +0.0008     
 6- 7   +12.0000  +0.0041  -0.0003      6- 8   +24.0000  +0.0042  -0.0000     
 6- 9   +35.9999  +0.0044  +0.0005      6-10   +47.9999  +0.0045  -0.0011     
 6-11   +48.8364  +0.0045  -0.0013      6-12   +37.1079  +0.0044  +0.0005     
 6-13   +25.6320  +0.0043  +0.0002      6-14   +15.0000  +0.0041  -0.0001     
 6-15    +9.0000  +0.0041  -0.0011      6-16   +18.0000  +0.0042  -0.0001     
 6-17   +21.6333  +0.0042  +0.0172  *   6-18   +29.9999  +0.0043  +0.0012     
 6-19   +40.2491  +0.0044  +0.0001      6-20   +51.2639  +0.0045  -0.0014     
 6-21   +55.0726  +0.0046  -0.0015      6-22   +44.9999  +0.0044  -0.0001     
 6-23   +36.1247  +0.0044  +0.0008      6-24   +29.5465  +0.0043  +0.0007     
 6-25   +26.9999  +0.0043  +0.0003      7- 8   +12.0000  +0.0041  +0.0002     
 7- 9   +24.0000  +0.0042  +0.0008      7-10   +35.9999  +0.0044  -0.0008     
 7-11   +37.1079  +0.0044  -0.0007      7-12   +25.6320  +0.0043  +0.0010     
 7-13   +15.0000  +0.0041  +0.0006      7-14    +9.0000  +0.0041  +0.0003     
 7-15   +15.0000  +0.0041  -0.0014      7-16   +21.6333  +0.0042  -0.0009     
 7-17   +18.0000  +0.0042  +0.0282  *   7-18   +21.6333  +0.0042  +0.0014     
 7-19   +29.9999  +0.0043  +0.0004      7-20   +40.2491  +0.0044  -0.0005     
 7-21   +44.9999  +0.0044  -0.0004      7-22   +36.1247  +0.0044  +0.0007     
 7-23   +29.5465  +0.0043  +0.0014      7-24   +26.9999  +0.0043  +0.0003     
 7-25   +29.5465  +0.0043  -0.0003      8- 9   +12.0000  +0.0041  +0.0005     
 8-10   +24.0000  +0.0042  -0.0011      8-11   +25.6320  +0.0043  -0.0006     
 8-12   +15.0000  +0.0041  +0.0009      8-13    +9.0000  +0.0041  -0.0000     
 8-14   +15.0000  +0.0041  -0.0000      8-15   +25.6320  +0.0043  -0.0012     
 8-16   +29.9999  +0.0043  -0.0016      8-17   +21.6333  +0.0042  +0.0291  *  
 8-18   +18.0000  +0.0042  +0.0004      8-19   +21.6333  +0.0042  -0.0004     
 8-20   +29.9999  +0.0043  -0.0001      8-21   +36.1247  +0.0044  +0.0001     
 8-22   +29.5465  +0.0043  +0.0007      8-23   +26.9999  +0.0043  +0.0011     
 8-24   +29.5465  +0.0043  -0.0008      8-25   +36.1247  +0.0044  -0.0011     
 9-10   +12.0000  +0.0041  -0.0016      9-11   +15.0000  +0.0041  -0.0008     
 9-12    +9.0000  +0.0041  -0.0004      9-13   +15.0000  +0.0041  -0.0007     
 9-14   +25.6320  +0.0043  -0.0001      9-15   +37.1079  +0.0044  -0.0010     
 9-16   +40.2491  +0.0044  -0.0020      9-17   +29.9999  +0.0043  +0.0247  *  
 9-18   +21.6333  +0.0042  -0.0013      9-19   +18.0000  +0.0042  -0.0024     
 9-20   +21.6333  +0.0042  -0.0002      9-21   +29.5465  +0.0043  -0.0000     
 9-22   +26.9999  +0.0043  -0.0003      9-23   +29.5465  +0.0043  -0.0002     
 9-24   +36.1247  +0.0044  -0.0020      9-25   +44.9999  +0.0044  -0.0019     
10-11    +9.0000  +0.0041  +0.0001     10-12   +15.0000  +0.0041  -0.0025     
10-13   +25.6320  +0.0043  -0.0024     10-14   +37.1079  +0.0044  -0.0019     
10-15   +48.8364  +0.0045  -0.0028     10-16   +51.2639  +0.0045  -0.0040     
10-17   +40.2491  +0.0044  +0.0195  *  10-18   +29.9999  +0.0043  -0.0036     
10-19   +21.6333  +0.0042  -0.0045  *  10-20   +18.0000  +0.0042  +0.0001     
10-21   +26.9999  +0.0043  -0.0000     10-22   +29.5465  +0.0043  -0.0019     
10-23   +36.1247  +0.0044  -0.0024     10-24   +44.9999  +0.0044  -0.0043     
10-25   +55.0726  +0.0046  -0.0042     11-12   +12.0000  +0.0041  -0.0022     
11-13   +24.0000  +0.0042  -0.0022     11-14   +35.9999  +0.0044  -0.0019     
11-15   +47.9999  +0.0045  -0.0028     11-16   +48.8364  +0.0045  -0.0044     
11-17   +37.1079  +0.0044  +0.0144  *  11-18   +25.6320  +0.0043  -0.0040     
11-19   +15.0000  +0.0041  -0.0046  *  11-20    +9.0000  +0.0041  -0.0000     
11-21   +18.0000  +0.0042  -0.0001     11-22   +21.6333  +0.0042  -0.0023     
11-23   +29.9999  +0.0043  -0.0029     11-24   +40.2491  +0.0044  -0.0049  *  
11-25   +51.2639  +0.0045  -0.0048  *  12-13   +12.0000  +0.0041  +0.0000     
12-14   +24.0000  +0.0042  +0.0003     12-15   +35.9999  +0.0044  -0.0006     
12-16   +37.1079  +0.0044  -0.0019     12-17   +25.6320  +0.0043  +0.0197  *  
12-18   +15.0000  +0.0041  -0.0011     12-19    +9.0000  +0.0041  -0.0020     
12-20   +15.0000  +0.0041  -0.0010     12-21   +21.6333  +0.0042  -0.0003     
12-22   +18.0000  +0.0042  +0.0002     12-23   +21.6333  +0.0042  +0.0002     
12-24   +29.9999  +0.0043  -0.0019     12-25   +40.2491  +0.0044  -0.0019     
13-14   +12.0000  +0.0041  +0.0003     13-15   +24.0000  +0.0042  -0.0006     
13-16   +25.6320  +0.0043  -0.0016     13-17   +15.0000  +0.0041  +0.0254  *  
13-18    +9.0000  +0.0041  +0.0004     13-19   +15.0000  +0.0041  -0.0002     
13-20   +25.6320  +0.0043  -0.0016     13-21   +29.9999  +0.0043  -0.0011     
13-22   +21.6333  +0.0042  +0.0003     13-23   +18.0000  +0.0042  +0.0011     
13-24   +21.6333  +0.0042  -0.0009     13-25   +29.9999  +0.0043  -0.0012     
14-15   +12.0000  +0.0041  -0.0009     14-16   +15.0000  +0.0041  -0.0015     
14-17    +9.0000  +0.0041  +0.0279  *  14-18   +15.0000  +0.0041  +0.0013     
14-19   +25.6320  +0.0043  +0.0003     14-20   +37.1079  +0.0044  -0.0018     
14-21   +40.2491  +0.0044  -0.0016     14-22   +29.9999  +0.0043  -0.0000     
14-23   +21.6333  +0.0042  +0.0010     14-24   +18.0000  +0.0042  +0.0001     
14-25   +21.6333  +0.0042  -0.0008     15-16    +9.0000  +0.0041  +0.0011     
15-17   +15.0000  +0.0041  +0.0082  *  15-18   +25.6320  +0.0043  +0.0008     
15-19   +37.1079  +0.0044  -0.0002     15-20   +48.8364  +0.0045  -0.0027     
15-21   +51.2639  +0.0045  -0.0026     15-22   +40.2491  +0.0044  -0.0007     
15-23   +29.9999  +0.0043  +0.0006     15-24   +21.6333  +0.0042  +0.0014     
15-25   +18.0000  +0.0042  +0.0014     16-17   +12.0000  +0.0041  -0.0125  *  
16-18   +24.0000  +0.0042  -0.0007     16-19   +35.9999  +0.0044  -0.0013     
16-20   +47.9999  +0.0045  -0.0046  *  16-21   +48.8364  +0.0045  -0.0048  *  
16-22   +37.1079  +0.0044  -0.0026     16-23   +25.6320  +0.0043  -0.0014     
16-24   +15.0000  +0.0041  -0.0001     16-25    +9.0000  +0.0041  +0.0004     
17-18   +12.0000  +0.0041  +0.0119  *  17-19   +24.0000  +0.0042  +0.0113  *  
17-20   +35.9999  +0.0044  +0.0080  *  17-21   +37.1079  +0.0044  +0.0009     
17-22   +25.6320  +0.0043  -0.0003     17-23   +15.0000  +0.0041  -0.0075  *  
17-24    +9.0000  +0.0041  -0.0279  *  17-25   +15.0000  +0.0041  -0.0266  *  
18-19   +12.0000  +0.0041  -0.0005     18-20   +24.0000  +0.0042  -0.0039     
18-21   +25.6320  +0.0043  -0.0034     18-22   +15.0000  +0.0041  -0.0013     
18-23    +9.0000  +0.0041  +0.0007     18-24   +15.0000  +0.0041  -0.0008     
18-25   +25.6320  +0.0043  -0.0008     19-20   +12.0000  +0.0041  -0.0033     
19-21   +15.0000  +0.0041  -0.0008     19-22    +9.0000  +0.0041  +0.0021     
19-23   +15.0000  +0.0041  +0.0017     19-24   +25.6320  +0.0043  -0.0008     
19-25   +37.1079  +0.0044  -0.0010     20-21    +9.0000  +0.0041  -0.0001     
20-22   +15.0000  +0.0041  -0.0026     20-23   +25.6320  +0.0043  -0.0034     
20-24   +37.1079  +0.0044  -0.0052  *  20-25   +48.8364  +0.0045  -0.0052  *  
21-22   +12.0000  +0.0041  -0.0025     21-23   +24.0000  +0.0042  -0.0036     
21-24   +35.9999  +0.0044  -0.0054  *  21-25   +47.9999  +0.0045  -0.0056  *  
22-23   +12.0000  +0.0041  -0.0011     22-24   +24.0000  +0.0042  -0.0028     
22-25   +35.9999  +0.0044  -0.0030     23-24   +12.0000  +0.0041  -0.0018     
23-25   +24.0000  +0.0042  -0.0020     24-25   +12.0000  +0.0041  -0.0002     
================================================================================
Verification Started At:   Wed Jan 25  10:06:23  2017
Verification Completed At: Wed Jan 25  10:06:42  2017
================================================================================
Verification report                                     Machine S/N:SFD2001052
Grid S/N: 0003  Units: MM              4.0+L/100             10:06AM on 01\25\17
================================================================================
                     Distance                               Distance  
--------------------------------------------------------------------------------
        Nominal    Atol   Deviation            Nominal    Atol   Deviation      
================================================================================
 1- 2   +12.0000  +0.0041  -0.0005      1- 3   +24.0000  +0.0042  -0.0009     
 1- 4   +35.9999  +0.0044  -0.0003      1- 5   +47.9999  +0.0045  +0.0007     
 1- 6   +48.8364  +0.0045  +0.0000      1- 7   +37.1079  +0.0044  -0.0007     
 1- 8   +25.6320  +0.0043  -0.0012      1- 9   +15.0000  +0.0041  -0.0015     
 1-10    +9.0000  +0.0041  +0.0001      1-11   +18.0000  +0.0042  +0.0003     
 1-12   +21.6333  +0.0042  -0.0012      1-13   +29.9999  +0.0043  -0.0020     
 1-14   +40.2491  +0.0044  -0.0018      1-15   +51.2639  +0.0045  -0.0002     
 1-16   +55.0726  +0.0046  -0.0007      1-17   +44.9999  +0.0044  -0.0024     
 1-18   +36.1247  +0.0044  -0.0021      1-19   +29.5465  +0.0043  -0.0015     
 1-20   +26.9999  +0.0043  +0.0002      1-21   +35.9999  +0.0044  +0.0002     
 1-22   +37.9473  +0.0044  -0.0014      1-23   +43.2665  +0.0044  -0.0024     
 1-24   +50.9116  +0.0045  -0.0019      1-25   +59.9999  +0.0046  +0.0004     
 2- 3   +12.0000  +0.0041  -0.0004      2- 4   +24.0000  +0.0042  +0.0002     
 2- 5   +35.9999  +0.0044  +0.0012      2- 6   +37.1079  +0.0044  +0.0008     
 2- 7   +25.6320  +0.0043  +0.0001      2- 8   +15.0000  +0.0041  -0.0003     
 2- 9    +9.0000  +0.0041  +0.0008      2-10   +15.0000  +0.0041  +0.0000     
 2-11   +21.6333  +0.0042  +0.0007      2-12   +18.0000  +0.0042  +0.0011     
 2-13   +21.6333  +0.0042  -0.0007      2-14   +29.9999  +0.0043  -0.0008     
 2-15   +40.2491  +0.0044  +0.0008      2-16   +44.9999  +0.0044  +0.0005     
 2-17   +36.1247  +0.0044  -0.0010      2-18   +29.5465  +0.0043  -0.0002     
 2-19   +26.9999  +0.0043  +0.0008      2-20   +29.5465  +0.0043  +0.0011     
 2-21   +37.9473  +0.0044  +0.0010      2-22   +35.9999  +0.0044  +0.0002     
 2-23   +37.9473  +0.0044  -0.0005      2-24   +43.2665  +0.0044  -0.0002     
 2-25   +50.9116  +0.0045  +0.0018      3- 4   +12.0000  +0.0041  +0.0005     
 3- 5   +24.0000  +0.0042  +0.0016      3- 6   +25.6320  +0.0043  +0.0014     
 3- 7   +15.0000  +0.0041  +0.0008      3- 8    +9.0000  +0.0041  +0.0001     
 3- 9   +15.0000  +0.0041  +0.0011      3-10   +25.6320  +0.0043  -0.0007     
 3-11   +29.9999  +0.0043  -0.0001      3-12   +21.6333  +0.0042  +0.0018     
 3-13   +18.0000  +0.0042  +0.0002      3-14   +21.6333  +0.0042  -0.0003     
 3-15   +29.9999  +0.0043  +0.0013      3-16   +36.1247  +0.0044  +0.0010     
 3-17   +29.5465  +0.0043  -0.0001      3-18   +26.9999  +0.0043  +0.0009     
 3-19   +29.5465  +0.0043  +0.0017      3-20   +36.1247  +0.0044  +0.0006     
 3-21   +43.2665  +0.0044  +0.0006      3-22   +37.9473  +0.0044  +0.0006     
 3-23   +35.9999  +0.0044  +0.0004      3-24   +37.9473  +0.0044  +0.0009     
 3-25   +43.2665  +0.0044  +0.0026      4- 5   +12.0000  +0.0041  +0.0010     
 4- 6   +15.0000  +0.0041  +0.0008      4- 7    +9.0000  +0.0041  +0.0000     
 4- 8   +15.0000  +0.0041  -0.0002      4- 9   +25.6320  +0.0043  +0.0012     
 4-10   +37.1079  +0.0044  -0.0006      4-11   +40.2491  +0.0044  -0.0005     
 4-12   +29.9999  +0.0043  +0.0017      4-13   +21.6333  +0.0042  +0.0000     
 4-14   +18.0000  +0.0042  -0.0010      4-15   +21.6333  +0.0042  +0.0003     
 4-16   +29.5465  +0.0043  +0.0001      4-17   +26.9999  +0.0043  -0.0004     
 4-18   +29.5465  +0.0043  +0.0009      4-19   +36.1247  +0.0044  +0.0016     
 4-20   +44.9999  +0.0044  +0.0000      4-21   +50.9116  +0.0045  -0.0001     
 4-22   +43.2665  +0.0044  +0.0001      4-23   +37.9473  +0.0044  +0.0002     
 4-24   +35.9999  +0.0044  +0.0007      4-25   +37.9473  +0.0044  +0.0017     
 5- 6    +9.0000  +0.0041  -0.0015      5- 7   +15.0000  +0.0041  -0.0003     
 5- 8   +25.6320  +0.0043  +0.0002      5- 9   +37.1079  +0.0044  +0.0016     
 5-10   +48.8364  +0.0045  -0.0001      5-11   +51.2639  +0.0045  -0.0005     
 5-12   +40.2491  +0.0044  +0.0017      5-13   +29.9999  +0.0043  -0.0001     
 5-14   +21.6333  +0.0042  -0.0017      5-15   +18.0000  +0.0042  -0.0021     
 5-16   +26.9999  +0.0043  -0.0021      5-17   +29.5465  +0.0043  -0.0012     
 5-18   +36.1247  +0.0044  +0.0004      5-19   +44.9999  +0.0044  +0.0013     
 5-20   +55.0726  +0.0046  -0.0003      5-21   +59.9999  +0.0046  -0.0008     
 5-22   +50.9116  +0.0045  -0.0005      5-23   +43.2665  +0.0044  -0.0005     
 5-24   +37.9473  +0.0044  -0.0005      5-25   +35.9999  +0.0044  -0.0004     
 6- 7   +12.0000  +0.0041  +0.0006      6- 8   +24.0000  +0.0042  +0.0007     
 6- 9   +35.9999  +0.0044  +0.0015      6-10   +47.9999  +0.0045  -0.0005     
 6-11   +48.8364  +0.0045  -0.0007      6-12   +37.1079  +0.0044  +0.0019     
 6-13   +25.6320  +0.0043  +0.0008      6-14   +15.0000  +0.0041  -0.0002     
 6-15    +9.0000  +0.0041  -0.0006      6-16   +18.0000  +0.0042  -0.0007     
 6-17   +21.6333  +0.0042  +0.0003      6-18   +29.9999  +0.0043  +0.0015     
 6-19   +40.2491  +0.0044  +0.0019      6-20   +51.2639  +0.0045  -0.0002     
 6-21   +55.0726  +0.0046  -0.0006      6-22   +44.9999  +0.0044  +0.0002     
 6-23   +36.1247  +0.0044  +0.0007      6-24   +29.5465  +0.0043  +0.0009     
 6-25   +26.9999  +0.0043  +0.0010      7- 8   +12.0000  +0.0041  +0.0001     
 7- 9   +24.0000  +0.0042  +0.0009      7-10   +35.9999  +0.0044  -0.0011     
 7-11   +37.1079  +0.0044  -0.0010      7-12   +25.6320  +0.0043  +0.0015     
 7-13   +15.0000  +0.0041  +0.0003      7-14    +9.0000  +0.0041  -0.0010     
 7-15   +15.0000  +0.0041  +0.0005      7-16   +21.6333  +0.0042  +0.0001     
 7-17   +18.0000  +0.0042  -0.0004      7-18   +21.6333  +0.0042  +0.0010     
 7-19   +29.9999  +0.0043  +0.0016      7-20   +40.2491  +0.0044  -0.0004     
 7-21   +44.9999  +0.0044  -0.0005      7-22   +36.1247  +0.0044  +0.0001     
 7-23   +29.5465  +0.0043  +0.0003      7-24   +26.9999  +0.0043  +0.0006     
 7-25   +29.5465  +0.0043  +0.0017      8- 9   +12.0000  +0.0041  +0.0008     
 8-10   +24.0000  +0.0042  -0.0012      8-11   +25.6320  +0.0043  -0.0007     
 8-12   +15.0000  +0.0041  +0.0019      8-13    +9.0000  +0.0041  +0.0001     
 8-14   +15.0000  +0.0041  -0.0005      8-15   +25.6320  +0.0043  +0.0010     
 8-16   +29.9999  +0.0043  +0.0007      8-17   +21.6333  +0.0042  -0.0005     
 8-18   +18.0000  +0.0042  +0.0008      8-19   +21.6333  +0.0042  +0.0018     
 8-20   +29.9999  +0.0043  +0.0002      8-21   +36.1247  +0.0044  +0.0003     
 8-22   +29.5465  +0.0043  +0.0006      8-23   +26.9999  +0.0043  +0.0003     
 8-24   +29.5465  +0.0043  +0.0005      8-25   +36.1247  +0.0044  +0.0022     
 9-10   +12.0000  +0.0041  -0.0020      9-11   +15.0000  +0.0041  -0.0013     
 9-12    +9.0000  +0.0041  +0.0004      9-13   +15.0000  +0.0041  -0.0005     
 9-14   +25.6320  +0.0043  -0.0001      9-15   +37.1079  +0.0044  +0.0014     
 9-16   +40.2491  +0.0044  +0.0009      9-17   +29.9999  +0.0043  -0.0009     
 9-18   +21.6333  +0.0042  -0.0006      9-19   +18.0000  +0.0042  +0.0000     
 9-20   +21.6333  +0.0042  -0.0004      9-21   +29.5465  +0.0043  -0.0002     
 9-22   +26.9999  +0.0043  -0.0006      9-23   +29.5465  +0.0043  -0.0010     
 9-24   +36.1247  +0.0044  -0.0004      9-25   +44.9999  +0.0044  +0.0019     
10-11    +9.0000  +0.0041  +0.0002     10-12   +15.0000  +0.0041  -0.0022     
10-13   +25.6320  +0.0043  -0.0024     10-14   +37.1079  +0.0044  -0.0021     
10-15   +48.8364  +0.0045  -0.0007     10-16   +51.2639  +0.0045  -0.0012     
10-17   +40.2491  +0.0044  -0.0030     10-18   +29.9999  +0.0043  -0.0028     
10-19   +21.6333  +0.0042  -0.0022     10-20   +18.0000  +0.0042  +0.0001     
10-21   +26.9999  +0.0043  +0.0001     10-22   +29.5465  +0.0043  -0.0018     
10-23   +36.1247  +0.0044  -0.0030     10-24   +44.9999  +0.0044  -0.0027     
10-25   +55.0726  +0.0046  -0.0003     11-12   +12.0000  +0.0041  -0.0027     
11-13   +24.0000  +0.0042  -0.0022     11-14   +35.9999  +0.0044  -0.0019     
11-15   +47.9999  +0.0045  -0.0008     11-16   +48.8364  +0.0045  -0.0014     
11-17   +37.1079  +0.0044  -0.0032     11-18   +25.6320  +0.0043  -0.0033     
11-19   +15.0000  +0.0041  -0.0031     11-20    +9.0000  +0.0041  -0.0001     
11-21   +18.0000  +0.0042  -0.0001     11-22   +21.6333  +0.0042  -0.0023     
11-23   +29.9999  +0.0043  -0.0035     11-24   +40.2491  +0.0044  -0.0032     
11-25   +51.2639  +0.0045  -0.0008     12-13   +12.0000  +0.0041  +0.0005     
12-14   +24.0000  +0.0042  +0.0009     12-15   +35.9999  +0.0044  +0.0020     
12-16   +37.1079  +0.0044  +0.0014     12-17   +25.6320  +0.0043  -0.0005     
12-18   +15.0000  +0.0041  -0.0006     12-19    +9.0000  +0.0041  -0.0003     
12-20   +15.0000  +0.0041  -0.0016     12-21   +21.6333  +0.0042  -0.0012     
12-22   +18.0000  +0.0042  -0.0010     12-23   +21.6333  +0.0042  -0.0011     
12-24   +29.9999  +0.0043  -0.0005     12-25   +40.2491  +0.0044  +0.0020     
13-14   +12.0000  +0.0041  +0.0003     13-15   +24.0000  +0.0042  +0.0014     
13-16   +25.6320  +0.0043  +0.0012     13-17   +15.0000  +0.0041  -0.0004     
13-18    +9.0000  +0.0041  +0.0008     13-19   +15.0000  +0.0041  +0.0014     
13-20   +25.6320  +0.0043  -0.0011     13-21   +29.9999  +0.0043  -0.0008     
13-22   +21.6333  +0.0042  +0.0001     13-23   +18.0000  +0.0042  +0.0003     
13-24   +21.6333  +0.0042  +0.0005     13-25   +29.9999  +0.0043  +0.0024     
14-15   +12.0000  +0.0041  +0.0011     14-16   +15.0000  +0.0041  +0.0012     
14-17    +9.0000  +0.0041  +0.0007     14-18   +15.0000  +0.0041  +0.0016     
14-19   +25.6320  +0.0043  +0.0017     14-20   +37.1079  +0.0044  -0.0009     
14-21   +40.2491  +0.0044  -0.0008     14-22   +29.9999  +0.0043  +0.0004     
14-23   +21.6333  +0.0042  +0.0012     14-24   +18.0000  +0.0042  +0.0017     
14-25   +21.6333  +0.0042  +0.0028     15-16    +9.0000  +0.0041  -0.0001     
15-17   +15.0000  +0.0041  +0.0014     15-18   +25.6320  +0.0043  +0.0021     
15-19   +37.1079  +0.0044  +0.0023     15-20   +48.8364  +0.0045  -0.0002     
15-21   +51.2639  +0.0045  -0.0005     15-22   +40.2491  +0.0044  +0.0007     
15-23   +29.9999  +0.0043  +0.0015     15-24   +21.6333  +0.0042  +0.0018     
15-25   +18.0000  +0.0042  +0.0016     16-17   +12.0000  +0.0041  +0.0018     
16-18   +24.0000  +0.0042  +0.0019     16-19   +35.9999  +0.0044  +0.0020     
16-20   +47.9999  +0.0045  -0.0008     16-21   +48.8364  +0.0045  -0.0011     
16-22   +37.1079  +0.0044  +0.0006     16-23   +25.6320  +0.0043  +0.0016     
16-24   +15.0000  +0.0041  +0.0021     16-25    +9.0000  +0.0041  +0.0017     
17-18   +12.0000  +0.0041  +0.0002     17-19   +24.0000  +0.0042  +0.0002     
17-20   +35.9999  +0.0044  -0.0025     17-21   +37.1079  +0.0044  -0.0026     
17-22   +25.6320  +0.0043  -0.0010     17-23   +15.0000  +0.0041  +0.0001     
17-24    +9.0000  +0.0041  +0.0010     17-25   +15.0000  +0.0041  +0.0028     
18-19   +12.0000  +0.0041  +0.0001     18-20   +24.0000  +0.0042  -0.0027     
18-21   +25.6320  +0.0043  -0.0026     18-22   +15.0000  +0.0041  -0.0012     
18-23    +9.0000  +0.0041  -0.0005     18-24   +15.0000  +0.0041  +0.0002     
18-25   +25.6320  +0.0043  +0.0025     19-20   +12.0000  +0.0041  -0.0028     
19-21   +15.0000  +0.0041  -0.0021     19-22    +9.0000  +0.0041  -0.0006     
19-23   +15.0000  +0.0041  -0.0004     19-24   +25.6320  +0.0043  -0.0000     
19-25   +37.1079  +0.0044  +0.0024     20-21    +9.0000  +0.0041  -0.0000     
20-22   +15.0000  +0.0041  -0.0020     20-23   +25.6320  +0.0043  -0.0031     
20-24   +37.1079  +0.0044  -0.0030     20-25   +48.8364  +0.0045  -0.0005     
21-22   +12.0000  +0.0041  -0.0019     21-23   +24.0000  +0.0042  -0.0032     
21-24   +35.9999  +0.0044  -0.0034     21-25   +47.9999  +0.0045  -0.0011     
22-23   +12.0000  +0.0041  -0.0013     22-24   +24.0000  +0.0042  -0.0015     
22-25   +35.9999  +0.0044  +0.0008     23-24   +12.0000  +0.0041  -0.0002     
23-25   +24.0000  +0.0042  +0.0021     24-25   +12.0000  +0.0041  +0.0023     
