================================================================================
Verification Started At:   Fri Oct 13  09:12:53  2017
Verification Completed At: Fri Oct 13  09:13:11  2017
================================================================================
Verification report                                     Machine S/N:SFD2001052
Grid S/N: 0003  Units: MM              4.0+L/100             09:13AM on 10\13\17
================================================================================
                     Distance                               Distance  
--------------------------------------------------------------------------------
        Nominal    Atol   Deviation            Nominal    Atol   Deviation      
================================================================================
 1- 2   +12.0000  +0.0041  +0.0000      1- 3   +24.0000  +0.0042  -0.0000     
 1- 4   +35.9999  +0.0044  -0.0001      1- 5   +47.9999  +0.0045  +0.0000     
 1- 6   +48.8364  +0.0045  -0.0001      1- 7   +37.1079  +0.0044  +0.0004     
 1- 8   +25.6320  +0.0043  +0.0001      1- 9   +15.0000  +0.0041  +0.0009     
 1-10    +9.0000  +0.0041  -0.0003      1-11   +18.0000  +0.0042  -0.0005     
 1-12   +21.6333  +0.0042  +0.0002      1-13   +29.9999  +0.0043  +0.0003     
 1-14   +40.2491  +0.0044  +0.0005      1-15   +51.2639  +0.0045  -0.0003     
 1-16   +55.0726  +0.0046  +0.0001      1-17   +44.9999  +0.0044  +0.0002     
 1-18   +36.1247  +0.0044  +0.0003      1-19   +29.5465  +0.0043  +0.0002     
 1-20   +26.9999  +0.0043  +0.0003      1-21   +35.9999  +0.0044  +0.0004     
 1-22   +37.9473  +0.0044  +0.0003      1-23   +43.2665  +0.0044  +0.0000     
 1-24   +50.9116  +0.0045  +0.0001      1-25   +59.9999  +0.0046  -0.0003     
 2- 3   +12.0000  +0.0041  -0.0001      2- 4   +24.0000  +0.0042  -0.0001     
 2- 5   +35.9999  +0.0044  -0.0000      2- 6   +37.1079  +0.0044  -0.0001     
 2- 7   +25.6320  +0.0043  +0.0004      2- 8   +15.0000  +0.0041  +0.0000     
 2- 9    +9.0000  +0.0041  +0.0008      2-10   +15.0000  +0.0041  -0.0002     
 2-11   +21.6333  +0.0042  -0.0005      2-12   +18.0000  +0.0042  +0.0002     
 2-13   +21.6333  +0.0042  +0.0003      2-14   +29.9999  +0.0043  +0.0005     
 2-15   +40.2491  +0.0044  -0.0004      2-16   +44.9999  +0.0044  -0.0000     
 2-17   +36.1247  +0.0044  +0.0002      2-18   +29.5465  +0.0043  +0.0002     
 2-19   +26.9999  +0.0043  +0.0002      2-20   +29.5465  +0.0043  +0.0000     
 2-21   +37.9473  +0.0044  +0.0003      2-22   +35.9999  +0.0044  +0.0002     
 2-23   +37.9473  +0.0044  -0.0001      2-24   +43.2665  +0.0044  +0.0000     
 2-25   +50.9116  +0.0045  -0.0004      3- 4   +12.0000  +0.0041  -0.0001     
 3- 5   +24.0000  +0.0042  +0.0000      3- 6   +25.6320  +0.0043  -0.0001     
 3- 7   +15.0000  +0.0041  +0.0003      3- 8    +9.0000  +0.0041  -0.0002     
 3- 9   +15.0000  +0.0041  -0.0000      3-10   +25.6320  +0.0043  -0.0002     
 3-11   +29.9999  +0.0043  -0.0006      3-12   +21.6333  +0.0042  -0.0001     
 3-13   +18.0000  +0.0042  +0.0000      3-14   +21.6333  +0.0042  +0.0005     
 3-15   +29.9999  +0.0043  -0.0004      3-16   +36.1247  +0.0044  -0.0002     
 3-17   +29.5465  +0.0043  +0.0000      3-18   +26.9999  +0.0043  -0.0001     
 3-19   +29.5465  +0.0043  -0.0001      3-20   +36.1247  +0.0044  -0.0003     
 3-21   +43.2665  +0.0044  -0.0001      3-22   +37.9473  +0.0044  -0.0001     
 3-23   +35.9999  +0.0044  -0.0003      3-24   +37.9473  +0.0044  -0.0002     
 3-25   +43.2665  +0.0044  -0.0004      4- 5   +12.0000  +0.0041  +0.0001     
 4- 6   +15.0000  +0.0041  +0.0002      4- 7    +9.0000  +0.0041  +0.0004     
 4- 8   +15.0000  +0.0041  -0.0001      4- 9   +25.6320  +0.0043  -0.0002     
 4-10   +37.1079  +0.0044  -0.0002      4-11   +40.2491  +0.0044  -0.0005     
 4-12   +29.9999  +0.0043  -0.0000      4-13   +21.6333  +0.0042  +0.0000     
 4-14   +18.0000  +0.0042  +0.0007      4-15   +21.6333  +0.0042  +0.0000     
 4-16   +29.5465  +0.0043  -0.0001      4-17   +26.9999  +0.0043  +0.0002     
 4-18   +29.5465  +0.0043  -0.0000      4-19   +36.1247  +0.0044  +0.0001     
 4-20   +44.9999  +0.0044  -0.0003      4-21   +50.9116  +0.0045  +0.0000     
 4-22   +43.2665  +0.0044  +0.0001      4-23   +37.9473  +0.0044  -0.0001     
 4-24   +35.9999  +0.0044  +0.0000      4-25   +37.9473  +0.0044  -0.0001     
 5- 6    +9.0000  +0.0041  +0.0005      5- 7   +15.0000  +0.0041  +0.0002     
 5- 8   +25.6320  +0.0043  +0.0000      5- 9   +37.1079  +0.0044  -0.0002     
 5-10   +48.8364  +0.0045  -0.0000      5-11   +51.2639  +0.0045  -0.0003     
 5-12   +40.2491  +0.0044  +0.0001      5-13   +29.9999  +0.0043  +0.0001     
 5-14   +21.6333  +0.0042  +0.0007      5-15   +18.0000  +0.0042  +0.0004     
 5-16   +26.9999  +0.0043  -0.0000      5-17   +29.5465  +0.0043  +0.0004     
 5-18   +36.1247  +0.0044  +0.0001      5-19   +44.9999  +0.0044  +0.0002     
 5-20   +55.0726  +0.0046  -0.0002      5-21   +59.9999  +0.0046  +0.0001     
 5-22   +50.9116  +0.0045  +0.0002      5-23   +43.2665  +0.0044  +0.0001     
 5-24   +37.9473  +0.0044  +0.0001      5-25   +35.9999  +0.0044  +0.0002     
 6- 7   +12.0000  +0.0041  -0.0004      6- 8   +24.0000  +0.0042  -0.0002     
 6- 9   +35.9999  +0.0044  -0.0006      6-10   +47.9999  +0.0045  -0.0002     
 6-11   +48.8364  +0.0045  -0.0005      6-12   +37.1079  +0.0044  -0.0003     
 6-13   +25.6320  +0.0043  -0.0004      6-14   +15.0000  +0.0041  +0.0000     
 6-15    +9.0000  +0.0041  -0.0001      6-16   +18.0000  +0.0042  -0.0005     
 6-17   +21.6333  +0.0042  -0.0002      6-18   +29.9999  +0.0043  -0.0004     
 6-19   +40.2491  +0.0044  -0.0002      6-20   +51.2639  +0.0045  -0.0006     
 6-21   +55.0726  +0.0046  -0.0003      6-22   +44.9999  +0.0044  -0.0003     
 6-23   +36.1247  +0.0044  -0.0004      6-24   +29.5465  +0.0043  -0.0004     
 6-25   +26.9999  +0.0043  -0.0003      7- 8   +12.0000  +0.0041  +0.0002     
 7- 9   +24.0000  +0.0042  -0.0002      7-10   +35.9999  +0.0044  +0.0002     
 7-11   +37.1079  +0.0044  -0.0001      7-12   +25.6320  +0.0043  +0.0001     
 7-13   +15.0000  +0.0041  -0.0001      7-14    +9.0000  +0.0041  +0.0003     
 7-15   +15.0000  +0.0041  -0.0007      7-16   +21.6333  +0.0042  -0.0006     
 7-17   +18.0000  +0.0042  -0.0002      7-18   +21.6333  +0.0042  -0.0002     
 7-19   +29.9999  +0.0043  +0.0000      7-20   +40.2491  +0.0044  -0.0003     
 7-21   +44.9999  +0.0044  -0.0000      7-22   +36.1247  +0.0044  -0.0001     
 7-23   +29.5465  +0.0043  -0.0004      7-24   +26.9999  +0.0043  -0.0004     
 7-25   +29.5465  +0.0043  -0.0007      8- 9   +12.0000  +0.0041  -0.0004     
 8-10   +24.0000  +0.0042  +0.0000      8-11   +25.6320  +0.0043  -0.0003     
 8-12   +15.0000  +0.0041  +0.0001      8-13    +9.0000  +0.0041  +0.0003     
 8-14   +15.0000  +0.0041  +0.0005      8-15   +25.6320  +0.0043  -0.0004     
 8-16   +29.9999  +0.0043  -0.0000      8-17   +21.6333  +0.0042  +0.0002     
 8-18   +18.0000  +0.0042  +0.0002      8-19   +21.6333  +0.0042  +0.0002     
 8-20   +29.9999  +0.0043  -0.0002      8-21   +36.1247  +0.0044  +0.0002     
 8-22   +29.5465  +0.0043  +0.0002      8-23   +26.9999  +0.0043  -0.0001     
 8-24   +29.5465  +0.0043  +0.0000      8-25   +36.1247  +0.0044  -0.0003     
 9-10   +12.0000  +0.0041  +0.0004      9-11   +15.0000  +0.0041  -0.0006     
 9-12    +9.0000  +0.0041  -0.0006      9-13   +15.0000  +0.0041  -0.0005     
 9-14   +25.6320  +0.0043  -0.0003      9-15   +37.1079  +0.0044  -0.0010     
 9-16   +40.2491  +0.0044  -0.0007      9-17   +29.9999  +0.0043  -0.0007     
 9-18   +21.6333  +0.0042  -0.0006      9-19   +18.0000  +0.0042  -0.0006     
 9-20   +21.6333  +0.0042  -0.0005      9-21   +29.5465  +0.0043  -0.0003     
 9-22   +26.9999  +0.0043  -0.0006      9-23   +29.5465  +0.0043  -0.0009     
 9-24   +36.1247  +0.0044  -0.0008      9-25   +44.9999  +0.0044  -0.0012     
10-11    +9.0000  +0.0041  -0.0002     10-12   +15.0000  +0.0041  +0.0004     
10-13   +25.6320  +0.0043  +0.0004     10-14   +37.1079  +0.0044  +0.0004     
10-15   +48.8364  +0.0045  -0.0004     10-16   +51.2639  +0.0045  +0.0002     
10-17   +40.2491  +0.0044  +0.0003     10-18   +29.9999  +0.0043  +0.0005     
10-19   +21.6333  +0.0042  +0.0004     10-20   +18.0000  +0.0042  +0.0005     
10-21   +26.9999  +0.0043  +0.0007     10-22   +29.5465  +0.0043  +0.0005     
10-23   +36.1247  +0.0044  +0.0002     10-24   +44.9999  +0.0044  +0.0002     
10-25   +55.0726  +0.0046  -0.0003     11-12   +12.0000  +0.0041  -0.0001     
11-13   +24.0000  +0.0042  +0.0000     11-14   +35.9999  +0.0044  -0.0000     
11-15   +47.9999  +0.0045  -0.0007     11-16   +48.8364  +0.0045  +0.0001     
11-17   +37.1079  +0.0044  +0.0000     11-18   +25.6320  +0.0043  +0.0003     
11-19   +15.0000  +0.0041  +0.0003     11-20    +9.0000  +0.0041  +0.0007     
11-21   +18.0000  +0.0042  +0.0009     11-22   +21.6333  +0.0042  +0.0006     
11-23   +29.9999  +0.0043  +0.0002     11-24   +40.2491  +0.0044  +0.0002     
11-25   +51.2639  +0.0045  -0.0004     12-13   +12.0000  +0.0041  +0.0001     
12-14   +24.0000  +0.0042  +0.0000     12-15   +35.9999  +0.0044  -0.0006     
12-16   +37.1079  +0.0044  -0.0000     12-17   +25.6320  +0.0043  -0.0000     
12-18   +15.0000  +0.0041  +0.0001     12-19    +9.0000  +0.0041  +0.0000     
12-20   +15.0000  +0.0041  -0.0003     12-21   +21.6333  +0.0042  +0.0001     
12-22   +18.0000  +0.0042  +0.0000     12-23   +21.6333  +0.0042  -0.0002     
12-24   +29.9999  +0.0043  -0.0001     12-25   +40.2491  +0.0044  -0.0006     
13-14   +12.0000  +0.0041  -0.0001     13-15   +24.0000  +0.0042  -0.0007     
13-16   +25.6320  +0.0043  -0.0002     13-17   +15.0000  +0.0041  -0.0001     
13-18    +9.0000  +0.0041  -0.0001     13-19   +15.0000  +0.0041  +0.0001     
13-20   +25.6320  +0.0043  -0.0002     13-21   +29.9999  +0.0043  +0.0000     
13-22   +21.6333  +0.0042  +0.0000     13-23   +18.0000  +0.0042  -0.0003     
13-24   +21.6333  +0.0042  -0.0003     13-25   +29.9999  +0.0043  -0.0007     
14-15   +12.0000  +0.0041  -0.0006     14-16   +15.0000  +0.0041  -0.0005     
14-17    +9.0000  +0.0041  -0.0005     14-18   +15.0000  +0.0041  -0.0004     
14-19   +25.6320  +0.0043  -0.0001     14-20   +37.1079  +0.0044  -0.0004     
14-21   +40.2491  +0.0044  -0.0003     14-22   +29.9999  +0.0043  -0.0003     
14-23   +21.6333  +0.0042  -0.0006     14-24   +18.0000  +0.0042  -0.0007     
14-25   +21.6333  +0.0042  -0.0009     15-16    +9.0000  +0.0041  -0.0004     
15-17   +15.0000  +0.0041  -0.0004     15-18   +25.6320  +0.0043  -0.0007     
15-19   +37.1079  +0.0044  -0.0005     15-20   +48.8364  +0.0045  -0.0009     
15-21   +51.2639  +0.0045  -0.0006     15-22   +40.2491  +0.0044  -0.0006     
15-23   +29.9999  +0.0043  -0.0006     15-24   +21.6333  +0.0042  -0.0005     
15-25   +18.0000  +0.0042  -0.0002     16-17   +12.0000  +0.0041  +0.0001     
16-18   +24.0000  +0.0042  -0.0001     16-19   +35.9999  +0.0044  +0.0002     
16-20   +47.9999  +0.0045  -0.0003     16-21   +48.8364  +0.0045  +0.0000     
16-22   +37.1079  +0.0044  +0.0001     16-23   +25.6320  +0.0043  +0.0002     
16-24   +15.0000  +0.0041  +0.0002     16-25    +9.0000  +0.0041  +0.0002     
17-18   +12.0000  +0.0041  -0.0002     17-19   +24.0000  +0.0042  +0.0000     
17-20   +35.9999  +0.0044  -0.0004     17-21   +37.1079  +0.0044  -0.0002     
17-22   +25.6320  +0.0043  -0.0001     17-23   +15.0000  +0.0041  -0.0002     
17-24    +9.0000  +0.0041  -0.0002     17-25   +15.0000  +0.0041  -0.0005     
18-19   +12.0000  +0.0041  +0.0002     18-20   +24.0000  +0.0042  -0.0002     
18-21   +25.6320  +0.0043  +0.0001     18-22   +15.0000  +0.0041  +0.0002     
18-23    +9.0000  +0.0041  -0.0002     18-24   +15.0000  +0.0041  -0.0002     
18-25   +25.6320  +0.0043  -0.0007     19-20   +12.0000  +0.0041  -0.0004     
19-21   +15.0000  +0.0041  -0.0001     19-22    +9.0000  +0.0041  +0.0000     
19-23   +15.0000  +0.0041  -0.0001     19-24   +25.6320  +0.0043  -0.0000     
19-25   +37.1079  +0.0044  -0.0005     20-21    +9.0000  +0.0041  +0.0001     
20-22   +15.0000  +0.0041  -0.0003     20-23   +25.6320  +0.0043  -0.0005     
20-24   +37.1079  +0.0044  -0.0004     20-25   +48.8364  +0.0045  -0.0010     
21-22   +12.0000  +0.0041  -0.0001     21-23   +24.0000  +0.0042  -0.0002     
21-24   +35.9999  +0.0044  -0.0002     21-25   +47.9999  +0.0045  -0.0007     
22-23   +12.0000  +0.0041  -0.0001     22-24   +24.0000  +0.0042  -0.0000     
22-25   +35.9999  +0.0044  -0.0006     23-24   +12.0000  +0.0041  +0.0000     
23-25   +24.0000  +0.0042  -0.0005     24-25   +12.0000  +0.0041  -0.0006     
