================================================================================
Calibration Started At:   Mon Dec 12  16:47:48  2016
Calibration Completed At: Mon Dec 12  16:48:23  2016
================================================================================
Calibration report                                      Machine S/N:SFD2001052
Grid S/N: 0003  Units: MM                                    04:48PM on 12\12\16
================================================================================
              X Location (0.00610)               Y Location (0.00508)     
--------------------------------------------------------------------------------
     Nominal     Actual    Deviation         Nominal     Actual    Deviation    
================================================================================
 1   -23.99995   -23.99796 +0.00199      +17.99996   +17.99741 -0.00255  
 2   -11.99998   -11.99798 +0.00199      +17.99996   +17.99855 -0.00142  
 3    +0.00000    +0.00148 +0.00148      +17.99996   +17.99817 -0.00179  
 4   +11.99998   +12.00284 +0.00286      +17.99996   +17.99771 -0.00226  
 5   +23.99995   +24.00650 +0.00654 *    +17.99996   +17.99702 -0.00294  
 6   +23.99995   +24.00314 +0.00319       +8.99998    +8.99763 -0.00235  
 7   +11.99998   +12.00275 +0.00278       +8.99998    +8.99859 -0.00139  
 8    +0.00000    +0.00251 +0.00251       +8.99998    +8.99930 -0.00069  
 9   -11.99998   -11.99836 +0.00161       +8.99998    +8.99902 -0.00097  
10   -23.99995   -23.99777 +0.00218       +8.99998    +8.99847 -0.00152  
11   -23.99995   -23.99702 +0.00293       +0.00000    -0.00152 -0.00152  
12   -11.99998   -11.99849 +0.00149       +0.00000    -0.00128 -0.00128  
13    +0.00000    +0.00000 +0.00000       +0.00000    +0.00000 +0.00000  
14   +11.99998   +12.00217 +0.00219       -0.00000    -0.00128 -0.00128  
15   +23.99995   +24.00208 +0.00213       -0.00000    -0.00144 -0.00144  
16   +23.99995   +24.00126 +0.00131       -8.99998    -9.00077 -0.00079  
17   +11.99998   +12.00225 +0.00227       -8.99998    -9.00087 -0.00089  
18    +0.00000    +0.00252 +0.00252       -8.99998    -9.00033 -0.00035  
19   -11.99998   -11.99843 +0.00155       -8.99998    -8.99989 +0.00009  
20   -23.99995   -23.99678 +0.00317       -8.99998    -9.00005 -0.00007  
21   -23.99995   -23.99985 +0.00010      -17.99996   -17.99916 +0.00081  
22   -11.99998   -11.99728 +0.00270      -17.99996   -17.99789 +0.00207  
23    +0.00000    +0.00194 +0.00194      -17.99996   -17.99944 +0.00053  
24   +11.99998   +12.00085 +0.00087      -17.99996   -17.99945 +0.00052  
25   +23.99995   +24.00039 +0.00044      -17.99996   -17.99958 +0.00039  
================================================================================
Calibration Started At:   Fri Dec 16  09:55:45  2016
Calibration Completed At: Fri Dec 16  09:56:16  2016
================================================================================
Calibration report                                      Machine S/N:SFD2001052
Grid S/N: 0003  Units: MM                                    09:56AM on 12\16\16
================================================================================
              X Location (0.00610)               Y Location (0.00508)     
--------------------------------------------------------------------------------
     Nominal     Actual    Deviation         Nominal     Actual    Deviation    
================================================================================
 1   -23.99995   -23.99982 +0.00013      +17.99996   +17.99598 -0.00398  
 2   -11.99998   -12.00006 -0.00009      +17.99996   +17.99683 -0.00313  
 3    +0.00000    -0.00009 -0.00009      +17.99996   +17.99699 -0.00297  
 4   +11.99998   +12.00030 +0.00033      +17.99996   +17.99630 -0.00366  
 5   +23.99995   +24.00124 +0.00129      +17.99996   +17.99551 -0.00445  
 6   +23.99995   +23.99995 -0.00001       +8.99998    +8.99712 -0.00286  
 7   +11.99998   +12.00027 +0.00030       +8.99998    +8.99868 -0.00130  
 8    +0.00000    +0.00031 +0.00031       +8.99998    +8.99876 -0.00122  
 9   -11.99998   -12.00077 -0.00079       +8.99998    +8.99861 -0.00138  
10   -23.99995   -23.99927 +0.00068       +8.99998    +8.99746 -0.00252  
11   -23.99995   -23.99838 +0.00157       +0.00000    -0.00117 -0.00117  
12   -11.99998   -12.00065 -0.00067       +0.00000    +0.00025 +0.00025  
13    +0.00000    -0.00000 -0.00000       +0.00000    -0.00000 -0.00000  
14   +11.99998   +11.99974 -0.00024       -0.00000    -0.00041 -0.00041  
15   +23.99995   +23.99915 -0.00080       -0.00000    -0.00133 -0.00133  
16   +23.99995   +23.99830 -0.00166       -8.99998    -8.99889 +0.00109  
17   +11.99998   +11.99866 -0.00132       -8.99998    -9.02381 -0.02383 *
18    +0.00000    -0.00077 -0.00077       -8.99998    -8.99886 +0.00112  
19   -11.99998   -12.00126 -0.00128       -8.99998    -8.99724 +0.00274  
20   -23.99995   -23.99764 +0.00231       -8.99998    -8.99898 +0.00100  
21   -23.99995   -23.99773 +0.00222      -17.99996   -17.99705 +0.00292  
22   -11.99998   -11.99816 +0.00182      -17.99996   -17.99913 +0.00083  
23    +0.00000    -0.00112 -0.00112      -17.99996   -17.99666 +0.00330  
24   +11.99998   +11.99702 -0.00296      -17.99996   -17.99413 +0.00584 *
25   +23.99995   +23.99652 -0.00343      -17.99996   -17.99752 +0.00245  
================================================================================
Calibration Started At:   Wed Jan 25  09:50:19  2017
Calibration Completed At: Wed Jan 25  09:50:56  2017
================================================================================
Calibration report                                      Machine S/N:SFD2001052
Grid S/N: 0003  Units: IN                                    09:50AM on 01\25\17
================================================================================
              X Location (0.00024)               Y Location (0.00020)     
--------------------------------------------------------------------------------
     Nominal     Actual    Deviation         Nominal     Actual    Deviation    
================================================================================
 1    -0.94488    -0.94484 +0.00004       +0.70866    +0.70843 -0.00023 *
 2    -0.47244    -0.47243 +0.00001       +0.70866    +0.70846 -0.00020 *
 3    +0.00000    -0.00000 -0.00000       +0.70866    +0.70846 -0.00020 *
 4    +0.47244    +0.47247 +0.00003       +0.70866    +0.70842 -0.00024 *
 5    +0.94488    +0.94492 +0.00004       +0.70866    +0.70839 -0.00027 *
 6    +0.94488    +0.94489 +0.00001       +0.35433    +0.35415 -0.00018  
 7    +0.47244    +0.47247 +0.00003       +0.35433    +0.35420 -0.00013  
 8    +0.00000    +0.00004 +0.00004       +0.35433    +0.35424 -0.00009  
 9    -0.47244    -0.47244 +0.00000       +0.35433    +0.35422 -0.00011  
10    -0.94488    -0.94482 +0.00006       +0.35433    +0.35418 -0.00015  
11    -0.94488    -0.94480 +0.00008       +0.00000    -0.00005 -0.00005  
12    -0.47244    -0.47243 +0.00001       +0.00000    -0.00004 -0.00004  
13    +0.00000    +0.00000 +0.00000       +0.00000    -0.00000 -0.00000  
14    +0.47244    +0.47244 +0.00000       -0.00000    -0.00003 -0.00003  
15    +0.94488    +0.94485 -0.00003       -0.00000    -0.00005 -0.00005  
16    +0.94488    +0.94484 -0.00004       -0.35433    -0.35429 +0.00004  
17    +0.47244    +0.47241 -0.00003       -0.35433    -0.35431 +0.00002  
18    +0.00000    +0.00004 +0.00004       -0.35433    -0.35427 +0.00006  
19    -0.47244    -0.47244 +0.00000       -0.35433    -0.35428 +0.00005  
20    -0.94488    -0.94476 +0.00012       -0.35433    -0.35427 +0.00006  
21    -0.94488    -0.94477 +0.00011       -0.70866    -0.70852 +0.00014  
22    -0.47244    -0.47242 +0.00002       -0.70866    -0.70847 +0.00019  
23    +0.00000    +0.00000 +0.00000       -0.70866    -0.70852 +0.00014  
24    +0.47244    +0.47239 -0.00005       -0.70866    -0.70852 +0.00014  
25    +0.94488    +0.94478 -0.00010       -0.70866    -0.70854 +0.00012  
================================================================================
Calibration Started At:   Wed Jan 25  09:51:10  2017
Calibration Completed At: Wed Jan 25  09:51:45  2017
================================================================================
Calibration report                                      Machine S/N:SFD2001052
Grid S/N: 0003  Units: IN                                    09:51AM on 01\25\17
================================================================================
              X Location (0.00024)               Y Location (0.00020)     
--------------------------------------------------------------------------------
     Nominal     Actual    Deviation         Nominal     Actual    Deviation    
================================================================================
 1    -0.94488    -0.94483 +0.00005       +0.70866    +0.70842 -0.00024 *
 2    -0.47244    -0.47243 +0.00001       +0.70866    +0.70846 -0.00020 *
 3    +0.00000    -0.00000 -0.00000       +0.70866    +0.70846 -0.00020 *
 4    +0.47244    +0.47246 +0.00002       +0.70866    +0.70842 -0.00024 *
 5    +0.94488    +0.94492 +0.00004       +0.70866    +0.70839 -0.00027 *
 6    +0.94488    +0.94490 +0.00002       +0.35433    +0.35415 -0.00018  
 7    +0.47244    +0.47245 +0.00001       +0.35433    +0.35420 -0.00013  
 8    +0.00000    +0.00003 +0.00003       +0.35433    +0.35424 -0.00009  
 9    -0.47244    -0.47243 +0.00001       +0.35433    +0.35421 -0.00012  
10    -0.94488    -0.94481 +0.00007       +0.35433    +0.35418 -0.00015  
11    -0.94488    -0.94480 +0.00008       +0.00000    -0.00005 -0.00005  
12    -0.47244    -0.47243 +0.00001       +0.00000    -0.00004 -0.00004  
13    +0.00000    +0.00000 +0.00000       +0.00000    +0.00000 +0.00000  
14    +0.47244    +0.47245 +0.00001       -0.00000    -0.00003 -0.00003  
15    +0.94488    +0.94485 -0.00003       -0.00000    -0.00004 -0.00004  
16    +0.94488    +0.94483 -0.00005       -0.35433    -0.35429 +0.00004  
17    +0.47244    +0.47242 -0.00002       -0.35433    -0.35431 +0.00002  
18    +0.00000    +0.00004 +0.00004       -0.35433    -0.35427 +0.00006  
19    -0.47244    -0.47244 -0.00000       -0.35433    -0.35427 +0.00006  
20    -0.94488    -0.94476 +0.00012       -0.35433    -0.35427 +0.00006  
21    -0.94488    -0.94477 +0.00011       -0.70866    -0.70852 +0.00014  
22    -0.47244    -0.47243 +0.00001       -0.70866    -0.70848 +0.00018  
23    +0.00000    +0.00000 +0.00000       -0.70866    -0.70852 +0.00014  
24    +0.47244    +0.47238 -0.00006       -0.70866    -0.70852 +0.00014  
25    +0.94488    +0.94478 -0.00010       -0.70866    -0.70854 +0.00012  
================================================================================
Calibration Started At:   Wed Jan 25  10:00:37  2017
Calibration Completed At: Wed Jan 25  10:01:15  2017
================================================================================
Calibration report                                      Machine S/N:SFD2001052
Grid S/N: 0003  Units: MM                                    10:01AM on 01\25\17
================================================================================
              X Location (0.00610)               Y Location (0.00508)     
--------------------------------------------------------------------------------
     Nominal     Actual    Deviation         Nominal     Actual    Deviation    
================================================================================
 1   -23.99995   -23.99866 +0.00129      +17.99996   +17.99450 -0.00547 *
 2   -11.99998   -11.99940 +0.00058      +17.99996   +17.99504 -0.00493  
 3    +0.00000    +0.00030 +0.00030      +17.99996   +17.99474 -0.00522 *
 4   +11.99998   +12.00076 +0.00079      +17.99996   +17.99448 -0.00549 *
 5   +23.99995   +24.00123 +0.00128      +17.99996   +17.99328 -0.00668 *
 6   +23.99995   +24.00032 +0.00037       +8.99998    +8.99587 -0.00411  
 7   +11.99998   +12.00095 +0.00097       +8.99998    +8.99722 -0.00276  
 8    +0.00000    +0.00046 +0.00046       +8.99998    +8.99813 -0.00185  
 9   -11.99998   -11.99992 +0.00005       +8.99998    +8.99797 -0.00201  
10   -23.99995   -23.99831 +0.00164       +8.99998    +8.99706 -0.00293  
11   -23.99995   -23.99765 +0.00230       +0.00000    -0.00075 -0.00075  
12   -11.99998   -11.99986 +0.00012       +0.00000    -0.00004 -0.00004  
13    +0.00000    -0.00000 -0.00000       +0.00000    +0.00000 +0.00000  
14   +11.99998   +12.00026 +0.00028       -0.00000    -0.00091 -0.00091  
15   +23.99995   +23.99924 -0.00071       -0.00000    -0.00113 -0.00113  
16   +23.99995   +23.99825 -0.00170       -8.99998    -8.99943 +0.00055  
17   +11.99998   +12.01103 +0.01105 *     -8.99998    -9.02630 -0.02632 *
18    +0.00000    -0.00093 -0.00093       -8.99998    -8.99760 +0.00239  
19   -11.99998   -12.00012 -0.00015       -8.99998    -8.99530 +0.00468  
20   -23.99995   -23.99698 +0.00297       -8.99998    -8.99828 +0.00171  
21   -23.99995   -23.99739 +0.00256      -17.99996   -17.99578 +0.00418  
22   -11.99998   -12.00000 -0.00002      -17.99996   -17.99463 +0.00534 *
23    +0.00000    -0.00079 -0.00079      -17.99996   -17.99577 +0.00419  
24   +11.99998   +11.99728 -0.00269      -17.99996   -17.99548 +0.00449  
25   +23.99995   +23.99696 -0.00300      -17.99996   -17.99726 +0.00270  
================================================================================
Calibration Started At:   Wed Jan 25  10:02:08  2017
Calibration Completed At: Wed Jan 25  10:02:43  2017
================================================================================
Calibration report                                      Machine S/N:SFD2001052
Grid S/N: 0003  Units: MM                                    10:02AM on 01\25\17
================================================================================
              X Location (0.00610)               Y Location (0.00508)     
--------------------------------------------------------------------------------
     Nominal     Actual    Deviation         Nominal     Actual    Deviation    
================================================================================
 1   -23.99995   -23.99882 +0.00114      +17.99996   +17.99433 -0.00563 *
 2   -11.99998   -11.99983 +0.00014      +17.99996   +17.99500 -0.00496  
 3    +0.00000    +0.00014 +0.00014      +17.99996   +17.99467 -0.00529 *
 4   +11.99998   +12.00059 +0.00062      +17.99996   +17.99459 -0.00538 *
 5   +23.99995   +24.00115 +0.00120      +17.99996   +17.99301 -0.00695 *
 6   +23.99995   +24.00023 +0.00028       +8.99998    +8.99564 -0.00434  
 7   +11.99998   +12.00044 +0.00046       +8.99998    +8.99743 -0.00255  
 8    +0.00000    +0.00028 +0.00028       +8.99998    +8.99806 -0.00192  
 9   -11.99998   -11.99998 -0.00001       +8.99998    +8.99788 -0.00210  
10   -23.99995   -23.99859 +0.00136       +8.99998    +8.99728 -0.00270  
11   -23.99995   -23.99790 +0.00205       +0.00000    -0.00094 -0.00094  
12   -11.99998   -12.00010 -0.00012       +0.00000    -0.00019 -0.00019  
13    +0.00000    +0.00000 +0.00000       +0.00000    +0.00000 +0.00000  
14   +11.99998   +12.00006 +0.00008       -0.00000    -0.00070 -0.00070  
15   +23.99995   +23.99898 -0.00097       -0.00000    -0.00122 -0.00122  
16   +23.99995   +23.99819 -0.00176       -8.99998    -8.99979 +0.00019  
17   +11.99998   +12.01085 +0.01088 *     -8.99998    -9.02626 -0.02628 *
18    +0.00000    -0.00124 -0.00124       -8.99998    -8.99756 +0.00242  
19   -11.99998   -12.00030 -0.00032       -8.99998    -8.99559 +0.00439  
20   -23.99995   -23.99713 +0.00282       -8.99998    -8.99847 +0.00152  
21   -23.99995   -23.99748 +0.00247      -17.99996   -17.99572 +0.00424  
22   -11.99998   -12.00018 -0.00021      -17.99996   -17.99473 +0.00523 *
23    +0.00000    -0.00098 -0.00098      -17.99996   -17.99587 +0.00409  
24   +11.99998   +11.99721 -0.00276      -17.99996   -17.99582 +0.00414  
25   +23.99995   +23.99664 -0.00331      -17.99996   -17.99731 +0.00265  
================================================================================
Calibration Started At:   Wed Jan 25  10:05:39  2017
Calibration Completed At: Wed Jan 25  10:06:13  2017
================================================================================
Calibration report                                      Machine S/N:SFD2001052
Grid S/N: 0003  Units: MM                                    10:06AM on 01\25\17
================================================================================
              X Location (0.00610)               Y Location (0.00508)     
--------------------------------------------------------------------------------
     Nominal     Actual    Deviation         Nominal     Actual    Deviation    
================================================================================
 1   -23.99995   -23.99911 +0.00084      +17.99996   +17.99445 -0.00552 *
 2   -11.99998   -11.99955 +0.00042      +17.99996   +17.99554 -0.00442  
 3    +0.00000    +0.00016 +0.00016      +17.99996   +17.99530 -0.00466  
 4   +11.99998   +12.00028 +0.00030      +17.99996   +17.99507 -0.00490  
 5   +23.99995   +24.00117 +0.00122      +17.99996   +17.99313 -0.00684 *
 6   +23.99995   +23.99979 -0.00016       +8.99998    +8.99657 -0.00342  
 7   +11.99998   +12.00025 +0.00028       +8.99998    +8.99703 -0.00296  
 8    +0.00000    +0.00058 +0.00058       +8.99998    +8.99762 -0.00237  
 9   -11.99998   -12.00035 -0.00037       +8.99998    +8.99723 -0.00275  
10   -23.99995   -23.99839 +0.00156       +8.99998    +8.99672 -0.00326  
11   -23.99995   -23.99792 +0.00203       +0.00000    -0.00104 -0.00104  
12   -11.99998   -12.00028 -0.00031       +0.00000    -0.00112 -0.00112  
13    +0.00000    -0.00000 -0.00000       +0.00000    +0.00000 +0.00000  
14   +11.99998   +12.00027 +0.00030       -0.00000    -0.00062 -0.00062  
15   +23.99995   +23.99928 -0.00067       -0.00000    -0.00077 -0.00077  
16   +23.99995   +23.99904 -0.00091       -8.99998    -8.99825 +0.00173  
17   +11.99998   +11.99926 -0.00071       -8.99998    -8.99770 +0.00229  
18    +0.00000    -0.00017 -0.00017       -8.99998    -8.99816 +0.00183  
19   -11.99998   -12.00004 -0.00006       -8.99998    -8.99818 +0.00180  
20   -23.99995   -23.99722 +0.00273       -8.99998    -8.99851 +0.00147  
21   -23.99995   -23.99701 +0.00295      -17.99996   -17.99603 +0.00393  
22   -11.99998   -11.99907 +0.00090      -17.99996   -17.99501 +0.00496  
23    +0.00000    -0.00010 -0.00010      -17.99996   -17.99517 +0.00479  
24   +11.99998   +11.99898 -0.00099      -17.99996   -17.99630 +0.00367  
25   +23.99995   +23.99964 -0.00032      -17.99996   -17.99655 +0.00342  
