================================================================================
Verification Started At:   Fri Oct 13  09:12:53  2017
Verification Completed At: Fri Oct 13  09:13:11  2017
================================================================================
Verification report                                     Machine S/N:SFD2001052
Grid S/N: 0003  Units: MM                                    09:13AM on 10\13\17
================================================================================
              X Location (0.00610)               Y Location (0.00610)     
--------------------------------------------------------------------------------
     Nominal     Actual    Deviation         Nominal     Actual    Deviation    
================================================================================
 1   -23.99995   -24.00012 -0.00017      +17.99996   +18.00011 +0.00015  
 2   -11.99998   -12.00011 -0.00013      +17.99996   +18.00013 +0.00017  
 3    +0.00000    -0.00020 -0.00020      +17.99996   +17.99997 +0.00001  
 4   +11.99998   +11.99970 -0.00027      +17.99996   +18.00029 +0.00032  
 5   +23.99995   +23.99979 -0.00016      +17.99996   +18.00051 +0.00055  
 6   +23.99995   +23.99968 -0.00027       +8.99998    +9.00005 +0.00007  
 7   +11.99998   +12.00012 +0.00014       +8.99998    +8.99987 -0.00012  
 8    +0.00000    -0.00005 -0.00005       +8.99998    +9.00024 +0.00026  
 9   -11.99998   -11.99965 +0.00032       +8.99998    +8.99936 -0.00062  
10   -23.99995   -24.00005 -0.00010       +8.99998    +9.00038 +0.00040  
11   -23.99995   -23.99984 +0.00011       +0.00000    +0.00060 +0.00060  
12   -11.99998   -11.99994 +0.00004       +0.00000    -0.00001 -0.00001  
13    +0.00000    +0.00015 +0.00015       +0.00000    -0.00000 -0.00000  
14   +11.99998   +12.00005 +0.00007       -0.00000    -0.00039 -0.00039  
15   +23.99995   +23.99942 -0.00054       -0.00000    +0.00014 +0.00014  
16   +23.99995   +24.00013 +0.00018       -8.99998    -8.99939 +0.00059  
17   +11.99998   +12.00000 +0.00003       -8.99998    -8.99991 +0.00007  
18    +0.00000    +0.00026 +0.00026       -8.99998    -8.99988 +0.00010  
19   -11.99998   -11.99996 +0.00002       -8.99998    -9.00001 -0.00003  
20   -23.99995   -23.99949 +0.00046       -8.99998    -9.00011 -0.00013  
21   -23.99995   -23.99965 +0.00030      -17.99996   -18.00023 -0.00026  
22   -11.99998   -11.99980 +0.00018      -17.99996   -18.00000 -0.00004  
23    +0.00000    +0.00010 +0.00010      -17.99996   -17.99966 +0.00031  
24   +11.99998   +12.00011 +0.00014      -17.99996   -17.99967 +0.00030  
25   +23.99995   +23.99951 -0.00044      -17.99996   -17.99960 +0.00036  
